600	1304
601	1305
603	1307
604	1308
605	1309
606	1310
607	1311
608	1312
609	1313
610	1314
612	1316
615	1319
616	1320
617	1321
618	1322
619	1323
620	1324
621	1325
622	1326
623	1327
624	1328
625	1329
626	1330
628	1332
631	1335
632	1336
633	1337
634	1338
636	1340
637	1341
642	1346
643	1347
645	1349
646	1350
652	1356
655	1359
658	1362
659	1363
660	1364
661	1365
663	1367
664	1368
667	1371
668	1372
670	1374
671	1375
672	1376
673	1377
676	1380
678	1382
679	1383
680	1384
682	1386
684	1388
685	1389
687	1391
691	1395
692	1396
693	1397
696	1400
697	1401
698	1402
699	1403
700	1404
701	1405
703	1407
704	1408
705	1409
706	1410
707	1411
708	1412
709	1413
713	1417
714	1418
715	1419
717	1421
719	1423
720	1424
721	1425
722	1426
723	1427
725	1429
726	1430
727	1431
728	1432
731	1435
732	1436
733	1437
734	1438
736	1440
737	1441
738	1442
739	1443
740	1444
741	1445
742	1446
743	1447
746	1450
747	1451
749	1453
753	1457
755	1459
756	1460
757	1461
758	1462
761	1465
763	1467
764	1468
765	1469
767	1471
768	1472
769	1473
770	1474
771	1475
772	1476
775	1479
776	1480
777	1481
778	1482
781	1485
782	1486
784	1488
786	1490
787	1491
790	1494
792	1496
796	1500
798	1502
799	1503
800	1504
801	1505
804	1508
805	1509
808	1512
809	1513
810	1514
811	1515
812	1516
813	1517
814	1518
815	1519
816	1520
821	1525
822	1526
825	1529
827	1531
829	1533
830	1534
831	1535
833	1537
834	1538
836	1540
837	1541
839	1543
840	1544
841	1545
842	1546
843	1547
845	1549
846	1550
847	1551
849	1553
850	1554
851	1555
852	1556
853	1557
855	1559
856	1560
857	1561
858	1562
860	1564
861	1565
862	1566
864	1568
865	1569
867	1571
868	1572
870	1574
871	1575
872	1576
873	1577
874	1578
875	1579
876	1580
879	1583
880	1584
881	1585
883	1587
884	1588
885	1589
886	1590
888	1592
889	1593
890	1594
891	1595
893	1597
894	1598
898	1602
901	1605
902	1606
904	1608
906	1610
908	1612
912	1616
913	1617
916	1620
917	1621
921	1625
923	1627
925	1629
927	1631
928	1632
929	1633
930	1634
932	1636
933	1637
937	1641
940	1644
942	1646
943	1647
945	1649
946	1650
947	1651
948	1652
949	1653
951	1655
953	1657
955	1659
956	1660
957	1661
958	1662
959	1663
961	1665
962	1666
963	1667
968	1672
969	1673
970	1674
971	1675
973	1677
975	1679
977	1681
978	1682
979	1683
981	1685
982	1686
983	1687
984	1688
985	1689
986	1690
987	1691
989	1693
991	1695
992	1696
994	1698
995	1699
996	1700
997	1701
999	1703
1000	1704
1001	1705
1002	1706
1003	1707
1005	1709
1006	1710
1007	1711
1009	1713
1010	1714
1011	1715
1012	1716
1013	1717
1014	1718
1015	1719
1017	1721
1018	1722
1019	1723
1021	1725
1022	1726
1023	1727
1026	1730
1030	1734
1031	1735
1035	1739
1036	1740
1037	1741
1038	1742
1039	1743
1041	1745
1042	1746
1044	1748
1045	1749
1047	1751
1051	1755
1053	1757
1057	1761
1058	1762
1060	1764
1061	1765
1062	1766
1063	1767
1064	1768
1068	1772
1069	1773
1070	1774
1071	1775
1072	1776
1073	1777
1074	1778
1075	1779
1076	1780
1078	1782
1079	1783
1081	1785
1082	1786
1083	1787
1086	1790
1087	1791
1088	1792
1089	1793
1090	1794
1093	1797
1094	1798
1095	1799
1097	1801
1099	1803
1101	1805
1102	1806
1103	1807
1106	1810
1107	1811
1108	1812
1109	1813
1111	1815
1116	1820
1117	1821
1120	1824
1121	1825
1122	1826
1127	1831
1128	1832
1129	1833
1131	1835
1132	1836
1133	1837
1134	1838
1135	1839
1136	1840
1137	1841
1139	1843
1140	1844
1141	1845
1142	1846
1143	1847
1145	1849
1146	1850
1148	1852
1149	1853
1150	1854
1152	1856
1153	1857
1154	1858
1156	1860
1157	1861
1161	1865
1162	1866
1164	1868
1165	1869
1166	1870
1167	1871
1168	1872
1169	1873
1171	1875
1172	1876
1178	1882
1179	1883
1180	1884
1182	1886
1183	1887
1184	1888
1185	1889
1186	1890
1188	1892
1189	1893
1190	1894
1193	1897
1195	1899
1196	1900
1197	1901
1199	1903
1200	1904
1203	1907
1204	1908
1206	1910
1208	1912
1209	1913
1211	1915
1214	1918
1215	1919
1217	1921
1219	1923
1220	1924
1221	1925
1222	1926
1223	1927
1224	1928
1225	1929
1226	1930
1230	1934
1232	1936
1233	1937
1234	1938
1235	1939
1238	1942
1239	1943
1241	1945
1243	1947
1244	1948
1246	1950
1247	1951
1249	1953
1250	1954
1251	1955
1252	1956
1253	1957
1254	1958
1255	1959
1256	1960
1257	1961
1262	1966
1265	1969
1268	1972
1270	1974
1271	1975
1275	1979
1276	1980
1277	1981
1278	1982
1279	1983
1283	1987
1284	1988
1286	1990
1287	1991
1289	1993
1290	1994
1292	1996
1293	1997
1294	1998
1295	1999
1296	2000
1300	2004
1302	2006
1303	2007
