0	1	0
1	1	1
1	0	51
1	0	73
1	0	111
1	0	125
1	0	150
1	0	165
1	0	230
1	0	1009
1	0	1025
1	0	1037
1	0	1040
1	0	1107
1	0	1182
1	0	1203
1	0	1219
1	0	1238
1	0	1254
1	0	1341
1	0	1403
1	0	1418
1	0	1485
1	0	1493
1	0	1515
1	0	1571
1	0	1592
1	0	1626
1	0	1680
1	0	1687
1	0	1691
1	0	1701
2	1	2
3	1	3
3	0	134
3	0	1423
3	0	1474
4	1	4
4	0	28
4	0	106
4	0	174
4	0	188
4	0	276
4	0	1038
4	0	1194
4	0	1235
4	0	1256
4	0	1373
5	1	5
6	1	6
6	0	1513
7	1	7
8	1	8
9	1	9
10	1	10
10	0	1165
10	0	1336
11	1	11
12	1	12
12	0	172
12	0	1219
12	0	1486
12	0	1540
12	0	1654
13	1	13
13	0	172
13	0	198
13	0	248
13	0	1084
13	0	1113
13	0	1209
13	0	1308
13	0	1347
13	0	1405
13	0	1422
13	0	1427
13	0	1486
13	0	1499
13	0	1584
13	0	1627
13	0	1699
13	0	1704
13	0	1707
14	1	14
14	0	283
14	0	1109
14	0	1125
14	0	1287
14	0	1383
14	0	1434
15	1	15
15	0	100
15	0	101
15	0	224
15	0	1096
15	0	1457
16	1	16
16	0	1560
17	1	17
17	0	1599
18	1	18
18	0	1036
18	0	1421
19	1	19
20	1	20
21	1	21
22	1	22
23	1	23
23	0	30
23	0	166
23	0	266
23	0	279
23	0	280
23	0	1196
23	0	1233
23	0	1264
23	0	1332
23	0	1333
23	0	1453
23	0	1594
23	0	1612
24	1	24
24	0	1547
24	0	1659
25	1	25
26	1	26
27	1	27
27	0	1658
28	1	28
28	0	67
28	0	248
28	0	1084
28	0	1194
28	0	1373
28	0	1511
28	0	1601
28	0	1602
29	1	29
29	0	89
29	0	103
29	0	1016
29	0	1059
29	0	1446
29	0	1468
29	0	1588
30	0	23
30	1	30
30	0	91
30	0	164
30	0	1127
30	0	1131
30	0	1264
30	0	1498
30	0	1541
30	0	1618
30	0	1693
31	1	31
31	0	196
31	0	213
31	0	279
31	0	1113
31	0	1136
31	0	1294
31	0	1395
31	0	1421
31	0	1494
31	0	1624
31	0	1680
32	1	32
33	1	33
34	1	34
34	0	1520
34	0	1554
34	0	1681
35	1	35
36	1	36
37	1	37
37	0	60
37	0	69
37	0	1012
37	0	1025
37	0	1027
37	0	1037
37	0	1040
37	0	1091
37	0	1177
37	0	1205
37	0	1225
37	0	1237
37	0	1289
37	0	1312
37	0	1341
37	0	1485
37	0	1535
37	0	1642
38	1	38
39	1	39
39	0	59
39	0	126
39	0	186
39	0	197
39	0	213
39	0	253
39	0	271
39	0	1065
39	0	1082
39	0	1118
39	0	1153
39	0	1191
39	0	1271
39	0	1275
39	0	1365
39	0	1398
39	0	1415
39	0	1505
39	0	1603
39	0	1650
40	1	40
40	0	47
40	0	72
40	0	1202
40	0	1206
40	0	1268
40	0	1426
40	0	1659
41	1	41
41	0	1013
41	0	1026
41	0	1213
41	0	1237
41	0	1352
41	0	1646
41	0	1654
42	1	42
43	1	43
44	1	44
45	1	45
45	0	1013
45	0	1213
45	0	1646
46	1	46
46	0	1472
47	0	24
47	1	47
47	0	215
47	0	1022
47	0	1161
47	0	1202
47	0	1261
47	0	1268
47	0	1387
47	0	1407
47	0	1547
47	0	1659
48	1	48
48	0	247
49	1	49
49	0	1262
50	1	50
51	0	1
51	1	51
51	0	111
51	0	125
51	0	167
51	0	200
51	0	230
51	0	231
51	0	265
51	0	1016
51	0	1059
51	0	1119
51	0	1175
51	0	1259
51	0	1277
51	0	1278
51	0	1424
51	0	1493
51	0	1571
51	0	1615
51	0	1651
51	0	1652
52	1	52
52	0	69
52	0	126
52	0	146
52	0	188
52	0	192
52	0	238
52	0	1202
52	0	1220
52	0	1245
52	0	1312
52	0	1516
52	0	1593
52	0	1626
52	0	1638
52	0	1654
52	0	1681
53	1	53
54	1	54
54	0	1107
54	0	1298
55	1	55
55	0	67
55	0	100
55	0	213
55	0	1185
55	0	1194
55	0	1243
55	0	1269
55	0	1320
55	0	1475
55	0	1654
55	0	1680
55	0	1690
56	1	56
57	1	57
57	0	89
57	0	1041
57	0	1395
57	0	1472
57	0	1612
58	1	58
59	1	59
59	0	186
59	0	1271
60	0	15
60	0	37
60	1	60
60	0	88
60	0	89
60	0	134
60	0	140
60	0	156
60	0	165
60	0	166
60	0	188
60	0	213
60	0	228
60	0	242
60	0	279
60	0	280
60	0	1009
60	0	1035
60	0	1037
60	0	1046
60	0	1059
60	0	1074
60	0	1080
60	0	1091
60	0	1096
60	0	1101
60	0	1128
60	0	1153
60	0	1175
60	0	1182
60	0	1187
60	0	1205
60	0	1220
60	0	1225
60	0	1245
60	0	1253
60	0	1289
60	0	1294
60	0	1298
60	0	1305
60	0	1308
60	0	1310
60	0	1366
60	0	1377
60	0	1390
60	0	1395
60	0	1399
60	0	1419
60	0	1421
60	0	1445
60	0	1457
60	0	1468
60	0	1485
60	0	1505
60	0	1546
60	0	1554
60	0	1557
60	0	1586
60	0	1603
60	0	1607
60	0	1615
60	0	1618
60	0	1683
61	1	61
61	0	112
61	0	119
61	0	158
61	0	162
61	0	213
61	0	249
61	0	1072
61	0	1119
61	0	1147
61	0	1188
61	0	1216
61	0	1238
61	0	1245
61	0	1254
61	0	1349
61	0	1425
61	0	1502
61	0	1503
61	0	1526
61	0	1557
61	0	1598
61	0	1616
62	1	62
63	1	63
64	1	64
64	0	192
65	0	44
65	1	65
65	0	226
65	0	1485
65	0	1669
66	1	66
66	0	140
66	0	164
66	0	189
66	0	206
66	0	1047
66	0	1094
66	0	1264
66	0	1549
66	0	1666
67	1	67
68	1	68
68	0	1013
68	0	1438
68	0	1582
68	0	1646
68	0	1653
69	0	52
69	1	69
69	0	119
69	0	1013
69	0	1027
69	0	1037
69	0	1118
69	0	1237
69	0	1310
69	0	1336
69	0	1455
69	0	1479
70	1	70
71	1	71
72	0	40
72	1	72
72	0	1127
72	0	1202
72	0	1321
72	0	1347
72	0	1426
72	0	1461
73	0	1
73	1	73
73	0	103
73	0	111
73	0	165
73	0	167
73	0	213
73	0	231
73	0	255
73	0	293
73	0	1016
73	0	1065
73	0	1095
73	0	1119
73	0	1150
73	0	1276
73	0	1289
73	0	1351
73	0	1377
73	0	1446
73	0	1485
73	0	1588
73	0	1615
73	0	1687
74	1	74
74	0	106
74	0	119
74	0	146
74	0	177
74	0	192
74	0	1037
74	0	1119
74	0	1310
74	0	1336
74	0	1443
74	0	1475
74	0	1487
74	0	1582
74	0	1651
75	1	75
75	0	1174
76	1	76
77	1	77
78	1	78
79	1	79
80	1	80
81	1	81
81	0	266
81	0	1331
81	0	1487
82	0	81
82	1	82
82	0	1103
82	0	1400
82	0	1487
82	0	1558
82	0	1566
82	0	1573
82	0	1604
83	1	83
84	1	84
85	1	85
85	0	151
85	0	1146
85	0	1365
86	1	86
87	1	87
88	0	60
88	1	88
88	0	1421
89	0	7
89	0	12
89	0	29
89	0	41
89	0	57
89	0	69
89	0	85
89	1	89
89	0	106
89	0	115
89	0	124
89	0	136
89	0	146
89	0	156
89	0	165
89	0	167
89	0	177
89	0	189
89	0	190
89	0	192
89	0	196
89	0	219
89	0	222
89	0	225
89	0	232
89	0	235
89	0	245
89	0	247
89	0	259
89	0	279
89	0	282
89	0	1019
89	0	1046
89	0	1059
89	0	1091
89	0	1100
89	0	1119
89	0	1128
89	0	1131
89	0	1142
89	0	1146
89	0	1151
89	0	1175
89	0	1205
89	0	1209
89	0	1212
89	0	1219
89	0	1233
89	0	1237
89	0	1241
89	0	1244
89	0	1250
89	0	1312
89	0	1327
89	0	1332
89	0	1352
89	0	1360
89	0	1395
89	0	1407
89	0	1421
89	0	1423
89	0	1445
89	0	1449
89	0	1468
89	0	1486
89	0	1553
89	0	1568
89	0	1569
89	0	1588
89	0	1594
89	0	1618
89	0	1626
89	0	1643
89	0	1649
89	0	1651
89	0	1681
89	0	1699
89	0	1700
89	0	1704
89	0	1706
90	1	90
90	0	188
90	0	1118
90	0	1320
90	0	1482
91	0	30
91	1	91
91	0	199
91	0	1019
91	0	1361
91	0	1541
91	0	1618
92	1	92
92	0	1455
93	1	93
94	1	94
95	1	95
95	0	1091
96	1	96
97	1	97
97	0	106
97	0	116
97	0	133
97	0	267
97	0	277
97	0	290
97	0	1104
97	0	1132
97	0	1157
97	0	1295
97	0	1410
97	0	1416
98	0	77
98	1	98
98	0	177
98	0	227
98	0	248
98	0	1017
98	0	1036
98	0	1112
98	0	1173
98	0	1205
98	0	1241
98	0	1272
98	0	1302
98	0	1308
98	0	1396
98	0	1413
98	0	1470
98	0	1565
98	0	1632
98	0	1679
98	0	1707
99	1	99
100	0	15
100	0	55
100	1	100
100	0	126
100	0	148
100	0	174
100	0	183
100	0	224
100	0	245
100	0	274
100	0	1080
100	0	1126
100	0	1388
100	0	1413
100	0	1419
100	0	1427
100	0	1482
100	0	1552
100	0	1569
100	0	1579
100	0	1586
100	0	1600
100	0	1680
100	0	1699
101	0	15
101	1	101
101	0	1341
102	1	102
102	0	163
102	0	1126
102	0	1366
102	0	1535
102	0	1646
103	0	29
103	0	73
103	1	103
103	0	125
103	0	132
103	0	293
103	0	1016
103	0	1128
103	0	1175
103	0	1351
103	0	1424
103	0	1468
103	0	1493
103	0	1588
103	0	1611
103	0	1687
104	0	60
104	1	104
104	0	134
104	0	1121
104	0	1285
104	0	1467
104	0	1690
104	0	1699
105	1	105
105	0	1025
105	0	1443
105	0	1653
106	0	4
106	0	28
106	0	74
106	0	97
106	1	106
106	0	117
106	0	174
106	0	190
106	0	191
106	0	200
106	0	207
106	0	235
106	0	288
106	0	1023
106	0	1037
106	0	1038
106	0	1084
106	0	1096
106	0	1118
106	0	1167
106	0	1171
106	0	1174
106	0	1205
106	0	1235
106	0	1240
106	0	1256
106	0	1346
106	0	1355
106	0	1367
106	0	1373
106	0	1391
106	0	1421
106	0	1440
106	0	1511
106	0	1513
106	0	1601
106	0	1602
106	0	1683
106	0	1688
106	0	1707
107	0	71
107	1	107
108	1	108
108	0	1128
108	0	1433
109	1	109
110	1	110
110	0	1289
110	0	1465
111	0	51
111	0	73
111	1	111
111	0	125
111	0	165
111	0	223
111	0	231
111	0	266
111	0	1016
111	0	1086
111	0	1095
111	0	1220
111	0	1349
111	0	1377
111	0	1433
111	0	1485
111	0	1506
111	0	1573
111	0	1591
111	0	1655
111	0	1703
112	1	112
112	0	1238
112	0	1351
113	1	113
113	0	1419
114	1	114
115	0	89
115	1	115
116	1	116
117	0	4
117	0	28
117	1	117
117	0	1038
117	0	1205
117	0	1235
117	0	1435
117	0	1565
117	0	1570
117	0	1707
118	0	1
118	1	118
118	0	1168
118	0	1403
118	0	1493
118	0	1515
119	0	23
119	0	29
119	0	38
119	0	39
119	0	52
119	0	61
119	0	69
119	0	74
119	0	89
119	0	90
119	1	119
119	0	126
119	0	142
119	0	150
119	0	177
119	0	188
119	0	189
119	0	192
119	0	195
119	0	197
119	0	234
119	0	238
119	0	252
119	0	256
119	0	266
119	0	277
119	0	289
119	0	1019
119	0	1037
119	0	1065
119	0	1086
119	0	1118
119	0	1119
119	0	1138
119	0	1153
119	0	1157
119	0	1165
119	0	1174
119	0	1179
119	0	1203
119	0	1231
119	0	1237
119	0	1238
119	0	1243
119	0	1245
119	0	1249
119	0	1269
119	0	1289
119	0	1290
119	0	1292
119	0	1312
119	0	1332
119	0	1336
119	0	1363
119	0	1390
119	0	1410
119	0	1434
119	0	1442
119	0	1455
119	0	1468
119	0	1475
119	0	1478
119	0	1486
119	0	1526
119	0	1536
119	0	1553
119	0	1560
119	0	1568
119	0	1571
119	0	1578
119	0	1583
119	0	1593
119	0	1612
119	0	1626
119	0	1638
119	0	1651
119	0	1654
119	0	1700
120	1	120
121	0	60
121	0	113
121	1	121
121	0	1019
121	0	1131
121	0	1172
121	0	1419
121	0	1421
121	0	1618
122	1	122
123	1	123
124	1	124
125	0	1
125	0	51
125	0	65
125	0	103
125	1	125
125	0	165
125	0	167
125	0	231
125	0	238
125	0	239
125	0	293
125	0	1035
125	0	1059
125	0	1119
125	0	1203
125	0	1245
125	0	1276
125	0	1289
125	0	1351
125	0	1403
125	0	1465
125	0	1485
125	0	1493
125	0	1571
125	0	1572
125	0	1588
125	0	1592
125	0	1615
125	0	1651
125	0	1687
126	1	126
126	0	149
126	0	183
126	0	245
126	0	280
126	0	292
126	0	1118
126	0	1126
126	0	1157
126	0	1298
126	0	1390
126	0	1421
126	0	1457
126	0	1482
126	0	1546
127	1	127
128	1	128
128	0	1418
129	1	129
130	1	130
131	1	131
131	0	1091
132	0	51
132	0	103
132	0	125
132	1	132
132	0	167
132	0	255
132	0	1059
132	0	1119
132	0	1305
132	0	1351
132	0	1615
132	0	1651
133	1	133
133	0	231
133	0	1295
134	0	3
134	0	60
134	0	81
134	0	89
134	0	104
134	1	134
134	0	169
134	0	213
134	0	232
134	0	291
134	0	1020
134	0	1037
134	0	1040
134	0	1074
134	0	1108
134	0	1220
134	0	1230
134	0	1284
134	0	1288
134	0	1310
134	0	1320
134	0	1331
134	0	1395
134	0	1406
134	0	1421
134	0	1445
134	0	1449
134	0	1472
134	0	1479
134	0	1554
134	0	1558
134	0	1573
134	0	1626
134	0	1639
134	0	1645
135	1	135
135	0	141
135	0	199
135	0	279
135	0	1005
135	0	1019
135	0	1047
135	0	1131
135	0	1560
135	0	1618
135	0	1655
136	0	89
136	1	136
136	0	1284
136	0	1445
136	0	1639
137	1	137
137	0	1086
137	0	1147
138	0	63
138	0	101
138	0	124
138	1	138
138	0	153
138	0	205
138	0	1026
138	0	1180
138	0	1190
138	0	1213
138	0	1237
138	0	1304
138	0	1325
138	0	1379
138	0	1642
138	0	1704
139	1	139
140	0	60
140	1	140
140	0	187
140	0	240
140	0	1124
140	0	1172
140	0	1233
140	0	1333
141	0	30
141	0	91
141	0	135
141	1	141
141	0	142
141	0	164
141	0	187
141	0	199
141	0	206
141	0	266
141	0	273
141	0	279
141	0	1005
141	0	1019
141	0	1047
141	0	1131
141	0	1246
141	0	1310
141	0	1334
141	0	1350
141	0	1560
141	0	1618
141	0	1655
141	0	1656
141	0	1674
141	0	1681
141	0	1693
142	0	133
142	0	141
142	1	142
142	0	213
142	0	234
142	0	279
142	0	1065
142	0	1113
142	0	1266
142	0	1372
142	0	1499
142	0	1593
143	1	143
144	1	144
145	1	145
146	0	52
146	0	74
146	1	146
146	0	156
146	0	170
146	0	213
146	0	229
146	0	234
146	0	276
146	0	284
146	0	1050
146	0	1058
146	0	1119
146	0	1280
146	0	1293
146	0	1312
146	0	1389
146	0	1418
146	0	1451
146	0	1455
146	0	1629
146	0	1634
146	0	1636
146	0	1675
147	1	147
148	1	148
148	0	1075
148	0	1419
148	0	1569
148	0	1680
149	0	39
149	0	106
149	0	126
149	0	134
149	1	149
149	0	189
149	0	1118
149	0	1332
149	0	1681
150	0	1
150	1	150
150	0	289
150	0	1312
150	0	1626
151	0	85
151	1	151
151	0	1146
151	0	1468
152	1	152
152	0	228
152	0	1113
152	0	1121
152	0	1186
152	0	1539
152	0	1680
152	0	1699
152	0	1704
153	1	153
154	1	154
155	1	155
156	0	146
156	1	156
156	0	170
156	0	276
156	0	284
156	0	1050
156	0	1059
156	0	1118
156	0	1175
156	0	1220
156	0	1238
156	0	1245
156	0	1280
156	0	1289
156	0	1293
156	0	1295
156	0	1387
156	0	1389
156	0	1421
156	0	1443
156	0	1468
156	0	1636
157	1	157
158	0	61
158	1	158
158	0	213
158	0	232
158	0	289
158	0	1019
158	0	1119
158	0	1128
158	0	1312
158	0	1341
158	0	1406
158	0	1416
158	0	1427
158	0	1442
158	0	1445
158	0	1449
158	0	1479
158	0	1501
158	0	1568
158	0	1569
158	0	1571
158	0	1643
158	0	1654
159	1	159
159	0	164
159	0	166
159	0	1063
159	0	1229
159	0	1264
159	0	1332
159	0	1361
159	0	1560
160	1	160
160	0	1474
160	0	1487
161	1	161
162	0	61
162	1	162
162	0	1349
162	0	1502
162	0	1598
162	0	1616
163	0	102
163	1	163
163	0	1013
163	0	1025
163	0	1105
163	0	1123
163	0	1341
163	0	1582
163	0	1646
163	0	1653
164	0	16
164	0	30
164	0	34
164	0	66
164	0	91
164	0	135
164	0	141
164	0	159
164	1	164
164	0	199
164	0	206
164	0	279
164	0	1005
164	0	1019
164	0	1047
164	0	1052
164	0	1104
164	0	1131
164	0	1246
164	0	1350
164	0	1560
164	0	1561
164	0	1593
164	0	1618
164	0	1655
164	0	1656
164	0	1674
164	0	1693
165	0	1
165	0	60
165	0	73
165	0	89
165	0	111
165	0	125
165	1	165
165	0	213
165	0	231
165	0	293
165	0	1059
165	0	1086
165	0	1095
165	0	1119
165	0	1219
165	0	1276
165	0	1289
165	0	1312
165	0	1377
165	0	1407
165	0	1421
165	0	1446
165	0	1462
165	0	1465
165	0	1468
165	0	1485
165	0	1506
165	0	1651
166	0	159
166	1	166
166	0	1172
166	0	1250
166	0	1333
166	0	1520
166	0	1554
166	0	1657
166	0	1681
166	0	1691
167	0	29
167	0	73
167	0	76
167	0	89
167	0	125
167	0	132
167	0	165
167	1	167
167	0	231
167	0	255
167	0	259
167	0	265
167	0	1059
167	0	1065
167	0	1119
167	0	1128
167	0	1142
167	0	1150
167	0	1175
167	0	1259
167	0	1278
167	0	1289
167	0	1351
167	0	1433
167	0	1468
167	0	1485
167	0	1493
167	0	1515
167	0	1571
167	0	1615
167	0	1638
167	0	1651
167	0	1652
167	0	1669
167	0	1687
168	1	168
169	0	81
169	0	89
169	1	169
169	0	230
169	0	1284
169	0	1474
169	0	1558
169	0	1573
169	0	1639
170	1	170
170	0	1050
170	0	1293
170	0	1418
170	0	1636
171	1	171
172	1	172
172	0	1209
172	0	1244
172	0	1360
173	1	173
174	0	4
174	0	100
174	1	174
174	0	245
174	0	274
174	0	1126
174	0	1235
174	0	1285
174	0	1440
174	0	1552
174	0	1680
175	1	175
176	1	176
177	0	5
177	0	74
177	0	77
177	0	89
177	0	98
177	0	119
177	1	177
177	0	187
177	0	188
177	0	213
177	0	227
177	0	230
177	0	248
177	0	249
177	0	279
177	0	294
177	0	1017
177	0	1036
177	0	1042
177	0	1084
177	0	1112
177	0	1118
177	0	1121
177	0	1173
177	0	1185
177	0	1205
177	0	1241
177	0	1272
177	0	1280
177	0	1302
177	0	1308
177	0	1310
177	0	1360
177	0	1395
177	0	1396
177	0	1413
177	0	1470
177	0	1475
177	0	1565
177	0	1618
177	0	1632
177	0	1679
177	0	1681
177	0	1694
177	0	1707
178	1	178
179	0	122
179	1	179
179	0	1430
179	0	1532
179	0	1600
179	0	1661
180	0	166
180	1	180
180	0	273
180	0	1240
180	0	1255
180	0	1427
180	0	1623
181	1	181
182	1	182
183	0	15
183	0	31
183	0	37
183	0	81
183	0	126
183	0	156
183	1	183
183	0	188
183	0	192
183	0	200
183	0	224
183	0	245
183	0	258
183	0	278
183	0	295
183	0	1036
183	0	1068
183	0	1091
183	0	1096
183	0	1110
183	0	1113
183	0	1126
183	0	1129
183	0	1208
183	0	1225
183	0	1241
183	0	1298
183	0	1310
183	0	1318
183	0	1403
183	0	1404
183	0	1411
183	0	1413
183	0	1414
183	0	1421
183	0	1427
183	0	1435
183	0	1457
183	0	1535
183	0	1546
183	0	1565
183	0	1586
183	0	1587
183	0	1610
183	0	1672
183	0	1680
183	0	1702
183	0	1707
184	1	184
184	0	247
184	0	1118
184	0	1204
184	0	1205
184	0	1373
184	0	1387
184	0	1465
184	0	1533
184	0	1618
184	0	1697
185	0	111
185	1	185
185	0	255
185	0	266
185	0	1220
185	0	1351
186	0	39
186	0	59
186	1	186
186	0	1398
186	0	1505
187	0	140
187	1	187
187	0	199
187	0	1124
187	0	1172
187	0	1205
187	0	1317
187	0	1359
187	0	1455
187	0	1475
187	0	1623
187	0	1681
188	0	4
188	0	5
188	0	67
188	0	134
188	0	180
188	1	188
188	0	199
188	0	200
188	0	269
188	0	1019
188	0	1036
188	0	1067
188	0	1084
188	0	1113
188	0	1131
188	0	1143
188	0	1145
188	0	1205
188	0	1209
188	0	1220
188	0	1233
188	0	1298
188	0	1373
188	0	1393
188	0	1421
188	0	1434
188	0	1445
188	0	1475
188	0	1486
188	0	1599
188	0	1680
189	0	74
189	0	119
189	0	133
189	0	180
189	1	189
189	0	266
189	0	273
189	0	1037
189	0	1056
189	0	1076
189	0	1317
189	0	1332
189	0	1359
189	0	1475
189	0	1594
189	0	1623
189	0	1681
190	0	106
190	1	190
190	0	1019
190	0	1077
190	0	1118
190	0	1119
190	0	1310
190	0	1395
190	0	1455
190	0	1473
191	1	191
191	0	288
191	0	1084
191	0	1209
191	0	1680
192	0	52
192	0	74
192	0	89
192	0	126
192	0	146
192	0	183
192	1	192
192	0	271
192	0	280
192	0	1119
192	0	1157
192	0	1203
192	0	1231
192	0	1243
192	0	1245
192	0	1249
192	0	1298
192	0	1312
192	0	1317
192	0	1320
192	0	1332
192	0	1336
192	0	1415
192	0	1417
192	0	1434
192	0	1526
192	0	1553
192	0	1590
192	0	1626
192	0	1690
193	1	193
194	1	194
194	0	1298
195	0	119
195	0	146
195	1	195
195	0	267
195	0	290
195	0	1116
195	0	1157
195	0	1434
195	0	1553
196	0	31
196	1	196
196	0	1626
197	0	39
197	0	119
197	1	197
197	0	1191
197	0	1271
198	0	172
198	1	198
198	0	1209
198	0	1244
198	0	1347
198	0	1441
198	0	1553
198	0	1699
198	0	1704
199	0	135
199	0	164
199	1	199
199	0	1019
199	0	1047
199	0	1131
199	0	1220
199	0	1560
199	0	1618
199	0	1655
199	0	1674
200	1	200
201	1	201
202	1	202
203	1	203
204	1	204
205	1	205
206	0	34
206	0	141
206	0	164
206	0	166
206	1	206
206	0	1052
206	0	1076
206	0	1111
206	0	1127
206	0	1131
206	0	1172
206	0	1196
206	0	1250
206	0	1261
206	0	1264
206	0	1333
206	0	1498
206	0	1550
206	0	1656
206	0	1657
206	0	1660
206	0	1691
207	1	207
207	0	235
207	0	1486
207	0	1680
208	1	208
209	1	209
210	1	210
211	1	211
212	1	212
213	0	31
213	0	39
213	0	52
213	0	60
213	0	61
213	0	73
213	0	140
213	0	146
213	0	158
213	0	165
213	0	167
213	0	177
213	1	213
213	0	219
213	0	277
213	0	289
213	0	1019
213	0	1027
213	0	1037
213	0	1059
213	0	1074
213	0	1146
213	0	1153
213	0	1161
213	0	1205
213	0	1218
213	0	1233
213	0	1234
213	0	1247
213	0	1272
213	0	1280
213	0	1332
213	0	1390
213	0	1395
213	0	1415
213	0	1423
213	0	1441
213	0	1445
213	0	1449
213	0	1468
213	0	1479
213	0	1568
213	0	1571
213	0	1615
213	0	1623
213	0	1626
213	0	1638
213	0	1643
213	0	1654
213	0	1666
214	1	214
215	1	215
215	0	1024
215	0	1161
215	0	1202
215	0	1261
215	0	1321
215	0	1659
216	1	216
217	1	217
218	1	218
219	0	74
219	0	89
219	0	149
219	0	195
219	1	219
219	0	1037
219	0	1065
219	0	1086
219	0	1174
219	0	1249
219	0	1336
219	0	1475
219	0	1536
220	1	220
221	1	221
222	0	102
222	1	222
222	0	1013
222	0	1046
222	0	1653
223	1	223
223	0	1052
224	0	15
224	0	183
224	1	224
224	0	1126
224	0	1586
224	0	1680
225	1	225
226	0	44
226	0	65
226	1	226
226	0	1669
227	0	177
227	1	227
227	0	1036
227	0	1396
228	0	187
228	1	228
228	0	240
228	0	272
228	0	1009
228	0	1124
228	0	1186
228	0	1226
228	0	1271
228	0	1310
228	0	1445
228	0	1493
229	1	229
229	0	1280
230	0	1
230	0	169
230	1	230
230	0	244
230	0	1041
230	0	1130
230	0	1205
230	0	1234
230	0	1241
230	0	1243
230	0	1533
230	0	1570
230	0	1626
230	0	1690
231	0	51
231	0	73
231	0	108
231	0	111
231	0	125
231	0	133
231	0	167
231	1	231
231	0	1016
231	0	1035
231	0	1059
231	0	1119
231	0	1128
231	0	1175
231	0	1220
231	0	1305
231	0	1310
231	0	1390
231	0	1468
231	0	1485
231	0	1493
231	0	1615
231	0	1649
231	0	1652
231	0	1687
232	0	60
232	0	89
232	0	134
232	0	158
232	0	230
232	1	232
232	0	244
232	0	1032
232	0	1243
232	0	1390
232	0	1395
232	0	1467
232	0	1538
232	0	1626
233	1	233
234	0	213
234	1	234
234	0	1626
235	0	5
235	0	89
235	0	106
235	0	207
235	1	235
235	0	1235
235	0	1240
236	1	236
237	1	237
238	0	158
238	0	160
238	0	188
238	0	213
238	1	238
238	0	1119
238	0	1205
238	0	1215
238	0	1241
238	0	1245
238	0	1280
238	0	1298
238	0	1359
238	0	1416
238	0	1445
238	0	1526
238	0	1560
238	0	1571
238	0	1626
238	0	1654
239	1	239
240	1	240
240	0	1681
241	1	241
242	0	213
242	1	242
243	1	243
244	0	230
244	0	232
244	1	244
244	0	263
244	0	1243
244	0	1285
244	0	1294
244	0	1395
244	0	1467
244	0	1533
244	0	1697
245	0	15
245	0	100
245	0	126
245	0	148
245	0	174
245	0	183
245	0	224
245	1	245
245	0	274
245	0	292
245	0	1080
245	0	1126
245	0	1414
245	0	1419
245	0	1421
245	0	1482
245	0	1552
245	0	1569
245	0	1586
246	1	246
247	0	156
247	0	184
247	1	247
247	0	1032
247	0	1067
247	0	1118
247	0	1204
247	0	1205
247	0	1209
247	0	1294
247	0	1310
247	0	1373
247	0	1387
247	0	1395
247	0	1465
247	0	1612
247	0	1618
248	0	28
248	0	188
248	1	248
248	0	1096
248	0	1112
248	0	1113
248	0	1145
248	0	1298
248	0	1396
248	0	1632
248	0	1707
249	0	61
249	0	112
249	0	177
249	1	249
249	0	1035
249	0	1072
249	0	1147
249	0	1188
249	0	1216
249	0	1238
249	0	1245
249	0	1254
249	0	1310
249	0	1349
249	0	1425
249	0	1473
249	0	1526
249	0	1557
250	1	250
250	0	1086
250	0	1631
250	0	1690
251	1	251
252	0	150
252	1	252
252	0	289
252	0	1269
253	1	253
254	1	254
255	0	51
255	0	111
255	0	167
255	0	185
255	1	255
255	0	266
255	0	1016
255	0	1059
255	0	1119
255	0	1181
255	0	1220
255	0	1351
256	1	256
257	1	257
258	1	258
259	0	89
259	0	167
259	1	259
259	0	265
259	0	1142
259	0	1465
259	0	1615
260	1	260
261	1	261
261	0	288
262	1	262
263	0	230
263	0	244
263	1	263
263	0	1032
263	0	1243
263	0	1284
264	1	264
265	0	51
265	0	167
265	0	259
265	1	265
265	0	1119
265	0	1142
265	0	1493
265	0	1615
265	0	1652
266	0	23
266	0	111
266	0	119
266	0	141
266	0	185
266	0	203
266	0	255
266	1	266
266	0	1095
266	0	1138
266	0	1181
266	0	1220
266	0	1229
266	0	1233
266	0	1264
266	0	1289
266	0	1317
266	0	1351
266	0	1365
266	0	1377
266	0	1389
266	0	1454
266	0	1506
266	0	1541
266	0	1594
266	0	1615
266	0	1639
266	0	1651
266	0	1655
267	0	97
267	0	116
267	0	133
267	0	195
267	1	267
267	0	290
267	0	1157
267	0	1295
267	0	1336
267	0	1386
267	0	1416
268	0	244
268	1	268
268	0	1690
269	0	188
269	1	269
269	0	1486
270	1	270
271	0	39
271	1	271
271	0	1082
271	0	1086
271	0	1153
271	0	1298
271	0	1365
271	0	1445
271	0	1457
271	0	1603
272	0	228
272	1	272
272	0	1009
272	0	1284
272	0	1455
272	0	1654
273	0	141
273	0	166
273	1	273
273	0	1520
273	0	1544
274	0	113
274	0	174
274	1	274
274	0	1440
274	0	1552
274	0	1680
275	1	275
276	0	156
276	1	276
276	0	284
276	0	1403
276	0	1418
277	1	277
277	0	1479
277	0	1626
278	1	278
279	0	23
279	0	31
279	0	34
279	0	60
279	0	91
279	0	135
279	0	141
279	0	159
279	0	164
279	0	166
279	0	187
279	0	206
279	0	240
279	0	273
279	1	279
279	0	280
279	0	287
279	0	292
279	0	1004
279	0	1063
279	0	1076
279	0	1091
279	0	1111
279	0	1124
279	0	1125
279	0	1127
279	0	1148
279	0	1172
279	0	1187
279	0	1196
279	0	1205
279	0	1229
279	0	1233
279	0	1250
279	0	1264
279	0	1332
279	0	1333
279	0	1334
279	0	1350
279	0	1359
279	0	1361
279	0	1388
279	0	1434
279	0	1453
279	0	1475
279	0	1520
279	0	1549
279	0	1554
279	0	1594
279	0	1618
279	0	1623
279	0	1656
279	0	1657
279	0	1681
279	0	1693
280	0	23
280	0	60
280	0	126
280	0	159
280	0	177
280	0	279
280	1	280
280	0	1052
280	0	1187
280	0	1194
280	0	1205
280	0	1229
280	0	1421
280	0	1608
281	1	281
281	0	1212
281	0	1642
282	0	89
282	1	282
283	1	283
283	0	1125
283	0	1383
283	0	1434
284	0	276
284	1	284
284	0	1280
285	1	285
286	1	286
287	1	287
287	0	1094
287	0	1148
287	0	1187
287	0	1196
287	0	1264
287	0	1332
287	0	1333
287	0	1453
287	0	1476
287	0	1541
287	0	1549
288	0	191
288	0	261
288	1	288
288	0	1038
288	0	1513
288	0	1602
289	0	158
289	0	213
289	0	277
289	1	289
289	0	1128
289	0	1269
289	0	1292
289	0	1317
289	0	1374
290	1	290
290	0	1706
291	0	90
291	0	134
291	0	140
291	1	291
291	0	1209
291	0	1539
292	0	15
292	0	18
292	0	31
292	0	101
292	0	148
292	0	245
292	1	292
292	0	1250
292	0	1419
292	0	1427
292	0	1565
292	0	1569
292	0	1679
293	0	73
293	0	103
293	0	125
293	0	165
293	0	167
293	0	255
293	1	293
293	0	1016
293	0	1119
293	0	1150
293	0	1289
293	0	1351
293	0	1462
293	0	1465
293	0	1485
293	0	1493
293	0	1520
293	0	1588
293	0	1687
294	1	294
295	1	295
296	1	296
297	1	297
298	0	95
298	1	298
298	0	1091
298	0	1212
298	0	1654
299	1	299
1004	0	206
1004	1	1004
1004	0	1196
1004	0	1681
1004	0	1691
1005	1	1005
1006	1	1006
1007	0	3
1007	1	1007
1007	0	1020
1007	0	1144
1007	0	1563
1008	0	231
1008	1	1008
1008	0	1128
1008	0	1588
1008	0	1649
1009	0	1
1009	0	228
1009	0	272
1009	0	291
1009	1	1009
1009	0	1010
1009	0	1086
1009	0	1226
1009	0	1362
1009	0	1363
1009	0	1403
1009	0	1445
1009	0	1449
1009	0	1474
1009	0	1487
1009	0	1566
1009	0	1654
1010	0	82
1010	0	158
1010	0	228
1010	0	1009
1010	1	1010
1010	0	1362
1010	0	1538
1010	0	1566
1010	0	1604
1011	1	1011
1012	0	37
1012	1	1012
1013	0	41
1013	0	45
1013	0	69
1013	0	102
1013	1	1013
1013	0	1040
1013	0	1046
1013	0	1065
1013	0	1071
1013	0	1237
1013	0	1289
1013	0	1409
1013	0	1438
1013	0	1646
1013	0	1653
1014	1	1014
1014	0	1243
1015	1	1015
1016	0	29
1016	0	51
1016	0	73
1016	0	103
1016	0	111
1016	0	165
1016	0	231
1016	0	255
1016	0	293
1016	1	1016
1016	0	1059
1016	0	1119
1016	0	1175
1016	0	1305
1016	0	1468
1016	0	1588
1016	0	1615
1016	0	1651
1017	0	98
1017	0	168
1017	0	177
1017	0	227
1017	0	276
1017	1	1017
1017	0	1036
1017	0	1241
1017	0	1302
1017	0	1308
1017	0	1396
1017	0	1413
1017	0	1632
1017	0	1707
1018	1	1018
1019	0	16
1019	0	30
1019	0	52
1019	0	89
1019	0	91
1019	0	119
1019	0	121
1019	0	135
1019	0	141
1019	0	158
1019	0	164
1019	0	188
1019	0	199
1019	0	213
1019	0	223
1019	0	234
1019	0	274
1019	0	1005
1019	1	1019
1019	0	1047
1019	0	1052
1019	0	1095
1019	0	1131
1019	0	1186
1019	0	1246
1019	0	1332
1019	0	1350
1019	0	1541
1019	0	1560
1019	0	1593
1019	0	1618
1019	0	1655
1019	0	1656
1019	0	1674
1019	0	1693
1020	0	134
1020	0	1007
1020	1	1020
1020	0	1654
1021	0	24
1021	0	70
1021	1	1021
1021	0	1387
1021	0	1468
1021	0	1493
1021	0	1637
1021	0	1659
1022	0	47
1022	0	215
1022	1	1022
1022	0	1089
1022	0	1161
1022	0	1202
1022	0	1261
1022	0	1387
1022	0	1535
1022	0	1659
1022	0	1705
1023	1	1023
1023	0	1546
1024	0	215
1024	1	1024
1024	0	1202
1024	0	1268
1024	0	1321
1024	0	1547
1025	0	1
1025	0	37
1025	0	105
1025	0	163
1025	0	222
1025	0	244
1025	1	1025
1025	0	1037
1025	0	1046
1025	0	1091
1025	0	1237
1025	0	1294
1025	0	1337
1025	0	1341
1025	0	1409
1025	0	1438
1025	0	1443
1025	0	1535
1025	0	1582
1026	0	41
1026	1	1026
1026	0	1040
1026	0	1213
1027	0	37
1027	0	69
1027	1	1027
1027	0	1295
1027	0	1341
1028	1	1028
1029	1	1029
1030	0	148
1030	0	191
1030	0	274
1030	1	1030
1030	0	1084
1030	0	1117
1030	0	1347
1030	0	1353
1030	0	1405
1030	0	1440
1030	0	1448
1030	0	1552
1030	0	1600
1030	0	1624
1030	0	1627
1030	0	1704
1031	1	1031
1032	0	230
1032	0	232
1032	0	244
1032	0	263
1032	1	1032
1032	0	1067
1032	0	1146
1032	0	1285
1032	0	1327
1032	0	1395
1032	0	1478
1032	0	1522
1033	1	1033
1034	1	1034
1035	0	125
1035	0	231
1035	0	249
1035	0	1021
1035	1	1035
1035	0	1059
1035	0	1119
1035	0	1203
1035	0	1245
1035	0	1276
1035	0	1289
1035	0	1462
1035	0	1485
1036	0	5
1036	0	18
1036	0	77
1036	0	177
1036	0	188
1036	0	227
1036	0	248
1036	0	1015
1036	1	1036
1036	0	1112
1036	0	1173
1036	0	1205
1036	0	1241
1036	0	1272
1036	0	1302
1036	0	1308
1036	0	1396
1036	0	1413
1036	0	1446
1036	0	1470
1036	0	1565
1036	0	1707
1037	0	1
1037	0	5
1037	0	37
1037	0	60
1037	0	69
1037	0	74
1037	0	101
1037	0	126
1037	0	134
1037	0	158
1037	0	189
1037	0	213
1037	0	230
1037	0	244
1037	0	1009
1037	0	1025
1037	1	1037
1037	0	1091
1037	0	1119
1037	0	1138
1037	0	1157
1037	0	1203
1037	0	1205
1037	0	1237
1037	0	1289
1037	0	1310
1037	0	1341
1037	0	1390
1037	0	1395
1037	0	1421
1037	0	1445
1037	0	1449
1037	0	1475
1037	0	1479
1037	0	1697
1038	0	4
1038	0	28
1038	0	106
1038	0	117
1038	0	174
1038	0	191
1038	0	200
1038	0	207
1038	0	235
1038	0	288
1038	1	1038
1038	0	1084
1038	0	1167
1038	0	1171
1038	0	1231
1038	0	1240
1038	0	1256
1038	0	1346
1038	0	1367
1038	0	1373
1038	0	1391
1038	0	1403
1038	0	1440
1038	0	1511
1038	0	1513
1038	0	1593
1038	0	1601
1038	0	1602
1038	0	1683
1038	0	1707
1039	1	1039
1040	0	134
1040	0	1026
1040	1	1040
1040	0	1205
1040	0	1208
1040	0	1237
1040	0	1306
1040	0	1310
1040	0	1320
1040	0	1341
1040	0	1352
1040	0	1395
1041	0	230
1041	1	1041
1041	0	1243
1041	0	1327
1042	1	1042
1043	1	1043
1044	1	1044
1045	1	1045
1046	0	68
1046	0	69
1046	0	298
1046	0	1013
1046	0	1025
1046	1	1046
1046	0	1071
1046	0	1102
1046	0	1237
1046	0	1310
1046	0	1366
1046	0	1566
1046	0	1582
1046	0	1646
1046	0	1653
1047	0	66
1047	0	135
1047	0	164
1047	0	199
1047	1	1047
1047	0	1674
1048	1	1048
1048	0	1182
1049	1	1049
1049	0	1337
1049	0	1341
1049	0	1535
1050	0	146
1050	0	156
1050	0	170
1050	0	276
1050	0	284
1050	1	1050
1050	0	1058
1050	0	1280
1050	0	1293
1050	0	1389
1050	0	1418
1050	0	1451
1050	0	1629
1050	0	1634
1050	0	1636
1050	0	1675
1051	1	1051
1052	0	223
1052	0	280
1052	1	1052
1052	0	1131
1052	0	1591
1052	0	1618
1052	0	1679
1053	1	1053
1054	1	1054
1055	1	1055
1056	0	189
1056	1	1056
1056	0	1076
1056	0	1094
1056	0	1333
1056	0	1541
1056	0	1594
1056	0	1623
1057	1	1057
1058	0	128
1058	1	1058
1058	0	1280
1058	0	1418
1058	0	1636
1059	0	29
1059	0	51
1059	0	60
1059	0	73
1059	0	89
1059	0	108
1059	0	111
1059	0	125
1059	0	133
1059	0	165
1059	0	167
1059	0	208
1059	0	213
1059	0	231
1059	0	255
1059	0	1016
1059	0	1035
1059	1	1059
1059	0	1086
1059	0	1119
1059	0	1128
1059	0	1138
1059	0	1142
1059	0	1175
1059	0	1220
1059	0	1253
1059	0	1277
1059	0	1289
1059	0	1305
1059	0	1351
1059	0	1421
1059	0	1424
1059	0	1433
1059	0	1446
1059	0	1465
1059	0	1468
1059	0	1493
1059	0	1571
1059	0	1615
1059	0	1649
1059	0	1651
1059	0	1652
1059	0	1687
1060	1	1060
1061	1	1061
1062	1	1062
1063	1	1063
1064	1	1064
1065	0	34
1065	0	73
1065	0	142
1065	0	167
1065	0	187
1065	0	188
1065	0	292
1065	0	1009
1065	0	1013
1065	0	1027
1065	0	1038
1065	1	1065
1065	0	1074
1065	0	1086
1065	0	1167
1065	0	1194
1065	0	1205
1065	0	1215
1065	0	1241
1065	0	1268
1065	0	1276
1065	0	1350
1065	0	1365
1065	0	1427
1065	0	1468
1065	0	1474
1065	0	1506
1065	0	1544
1065	0	1557
1065	0	1565
1065	0	1612
1065	0	1615
1065	0	1655
1065	0	1683
1065	0	1696
1066	1	1066
1067	1	1067
1068	0	117
1068	1	1068
1068	0	1080
1068	0	1160
1068	0	1225
1068	0	1390
1068	0	1419
1068	0	1435
1068	0	1569
1069	1	1069
1070	1	1070
1071	0	1013
1071	1	1071
1072	0	111
1072	0	249
1072	1	1072
1072	0	1095
1072	0	1147
1072	0	1188
1072	0	1216
1072	0	1238
1072	0	1526
1072	0	1616
1072	0	1654
1073	1	1073
1074	0	134
1074	0	1065
1074	1	1074
1074	0	1144
1074	0	1403
1074	0	1563
1075	0	148
1075	0	168
1075	0	1028
1075	1	1075
1075	0	1107
1075	0	1275
1075	0	1298
1075	0	1637
1076	0	1019
1076	1	1076
1077	1	1077
1078	1	1078
1079	1	1079
1080	0	60
1080	0	100
1080	0	158
1080	0	188
1080	0	245
1080	0	1068
1080	1	1080
1080	0	1113
1080	0	1125
1080	0	1126
1080	0	1160
1080	0	1333
1080	0	1419
1080	0	1475
1080	0	1569
1080	0	1654
1080	0	1680
1081	1	1081
1082	1	1082
1082	0	1271
1083	1	1083
1084	0	4
1084	0	13
1084	0	28
1084	0	106
1084	0	177
1084	0	188
1084	0	191
1084	0	1030
1084	0	1038
1084	1	1084
1084	0	1171
1084	0	1209
1084	0	1235
1084	0	1240
1084	0	1361
1084	0	1367
1084	0	1373
1084	0	1441
1084	0	1683
1085	1	1085
1086	0	165
1086	0	219
1086	0	250
1086	0	1009
1086	0	1059
1086	0	1065
1086	1	1086
1086	0	1231
1086	0	1234
1086	0	1289
1086	0	1292
1086	0	1298
1086	0	1423
1086	0	1553
1086	0	1570
1086	0	1590
1086	0	1594
1086	0	1612
1086	0	1625
1086	0	1699
1087	1	1087
1088	1	1088
1089	1	1089
1090	1	1090
1091	0	89
1091	0	298
1091	0	1025
1091	1	1091
1091	0	1194
1091	0	1237
1091	0	1253
1091	0	1337
1091	0	1341
1091	0	1535
1092	1	1092
1093	1	1093
1094	0	66
1094	0	287
1094	0	1056
1094	0	1076
1094	1	1094
1094	0	1148
1094	0	1187
1095	0	73
1095	0	111
1095	0	165
1095	0	266
1095	1	1095
1095	0	1220
1095	0	1377
1096	0	15
1096	0	60
1096	0	248
1096	1	1096
1097	1	1097
1098	1	1098
1099	1	1099
1099	0	1464
1100	0	89
1100	1	1100
1101	1	1101
1102	0	45
1102	0	1013
1102	0	1046
1102	1	1102
1102	0	1177
1102	0	1646
1103	1	1103
1104	0	97
1104	0	164
1104	0	290
1104	1	1104
1104	0	1118
1104	0	1132
1104	0	1157
1104	0	1386
1105	0	1013
1105	1	1105
1105	0	1535
1106	1	1106
1107	0	54
1107	0	77
1107	1	1107
1107	0	1298
1107	0	1310
1108	0	134
1108	1	1108
1109	1	1109
1110	0	183
1110	1	1110
1110	0	1482
1111	1	1111
1112	0	77
1112	1	1112
1112	0	1302
1112	0	1470
1112	0	1680
1113	0	13
1113	0	15
1113	0	31
1113	0	55
1113	0	75
1113	0	121
1113	0	142
1113	0	152
1113	0	174
1113	0	183
1113	0	188
1113	0	248
1113	0	250
1113	0	1079
1113	1	1113
1113	0	1126
1113	0	1136
1113	0	1185
1113	0	1200
1113	0	1244
1113	0	1353
1113	0	1366
1113	0	1422
1113	0	1470
1113	0	1480
1113	0	1482
1113	0	1518
1113	0	1535
1113	0	1540
1113	0	1627
1113	0	1632
1113	0	1654
1113	0	1679
1113	0	1680
1113	0	1697
1113	0	1704
1114	1	1114
1115	1	1115
1116	1	1116
1116	0	1371
1116	0	1449
1116	0	1516
1116	0	1638
1117	0	158
1117	0	277
1117	0	1030
1117	1	1117
1117	0	1310
1117	0	1390
1117	0	1449
1117	0	1594
1117	0	1626
1118	0	39
1118	0	69
1118	0	90
1118	0	106
1118	0	126
1118	0	149
1118	0	156
1118	0	177
1118	0	184
1118	0	222
1118	0	230
1118	0	247
1118	0	277
1118	0	1019
1118	0	1037
1118	0	1104
1118	1	1118
1118	0	1128
1118	0	1132
1118	0	1153
1118	0	1165
1118	0	1220
1118	0	1245
1118	0	1247
1118	0	1290
1118	0	1294
1118	0	1298
1118	0	1310
1118	0	1320
1118	0	1373
1118	0	1390
1118	0	1395
1118	0	1421
1118	0	1445
1118	0	1486
1118	0	1506
1118	0	1536
1118	0	1554
1118	0	1626
1118	0	1649
1118	0	1681
1119	0	51
1119	0	61
1119	0	73
1119	0	74
1119	0	110
1119	0	125
1119	0	132
1119	0	146
1119	0	158
1119	0	165
1119	0	167
1119	0	192
1119	0	213
1119	0	231
1119	0	255
1119	0	256
1119	0	293
1119	0	1016
1119	0	1035
1119	0	1059
1119	1	1119
1119	0	1128
1119	0	1129
1119	0	1138
1119	0	1142
1119	0	1150
1119	0	1157
1119	0	1175
1119	0	1203
1119	0	1276
1119	0	1289
1119	0	1320
1119	0	1336
1119	0	1351
1119	0	1410
1119	0	1433
1119	0	1446
1119	0	1462
1119	0	1465
1119	0	1468
1119	0	1485
1119	0	1557
1119	0	1583
1119	0	1588
1119	0	1615
1119	0	1649
1119	0	1651
1119	0	1652
1119	0	1654
1119	0	1687
1120	1	1120
1121	0	104
1121	0	152
1121	0	177
1121	0	1011
1121	1	1121
1121	0	1680
1121	0	1699
1122	1	1122
1122	0	1680
1123	0	49
1123	0	95
1123	0	163
1123	0	222
1123	0	1025
1123	1	1123
1123	0	1262
1123	0	1443
1123	0	1582
1124	0	31
1124	0	140
1124	0	187
1124	0	228
1124	1	1124
1124	0	1127
1124	0	1498
1125	0	14
1125	0	283
1125	0	1080
1125	1	1125
1125	0	1230
1125	0	1275
1125	0	1316
1125	0	1383
1125	0	1434
1126	0	100
1126	0	102
1126	0	126
1126	0	174
1126	0	183
1126	0	224
1126	0	245
1126	0	1080
1126	1	1126
1126	0	1333
1126	0	1413
1126	0	1482
1126	0	1483
1126	0	1493
1126	0	1535
1126	0	1552
1126	0	1653
1126	0	1680
1126	0	1699
1127	0	30
1127	0	72
1127	0	206
1127	0	1124
1127	1	1127
1127	0	1321
1127	0	1347
1127	0	1498
1127	0	1692
1127	0	1693
1128	0	60
1128	0	103
1128	0	158
1128	0	167
1128	0	231
1128	0	234
1128	0	289
1128	0	1008
1128	0	1035
1128	0	1059
1128	0	1118
1128	0	1119
1128	1	1128
1128	0	1175
1128	0	1220
1128	0	1289
1128	0	1305
1128	0	1351
1128	0	1424
1128	0	1433
1128	0	1468
1128	0	1615
1128	0	1649
1128	0	1651
1128	0	1652
1129	1	1129
1130	1	1130
1130	0	1658
1131	0	16
1131	0	30
1131	0	60
1131	0	91
1131	0	121
1131	0	135
1131	0	141
1131	0	158
1131	0	164
1131	0	172
1131	0	199
1131	0	213
1131	0	1005
1131	0	1019
1131	0	1047
1131	0	1052
1131	1	1131
1131	0	1157
1131	0	1246
1131	0	1350
1131	0	1505
1131	0	1541
1131	0	1560
1131	0	1618
1131	0	1655
1131	0	1656
1131	0	1674
1131	0	1693
1132	0	97
1132	0	290
1132	0	1104
1132	0	1118
1132	1	1132
1132	0	1157
1133	1	1133
1134	1	1134
1135	0	1086
1135	1	1135
1135	0	1171
1135	0	1183
1135	0	1707
1136	1	1136
1136	0	1185
1136	0	1243
1136	0	1249
1136	0	1441
1136	0	1492
1136	0	1512
1136	0	1552
1136	0	1680
1136	0	1690
1136	0	1697
1137	1	1137
1138	0	266
1138	0	1035
1138	0	1037
1138	0	1119
1138	1	1138
1138	0	1203
1138	0	1289
1138	0	1485
1139	1	1139
1140	1	1140
1141	1	1141
1142	0	76
1142	0	89
1142	0	167
1142	0	259
1142	0	265
1142	0	1059
1142	0	1119
1142	1	1142
1142	0	1615
1142	0	1652
1143	0	225
1143	0	1083
1143	1	1143
1143	0	1209
1143	0	1240
1143	0	1440
1144	0	3
1144	0	1007
1144	1	1144
1145	1	1145
1146	0	52
1146	0	85
1146	0	134
1146	0	151
1146	0	192
1146	0	213
1146	0	244
1146	0	1032
1146	0	1082
1146	1	1146
1146	0	1153
1146	0	1233
1146	0	1305
1146	0	1365
1146	0	1395
1146	0	1424
1146	0	1434
1146	0	1445
1146	0	1446
1146	0	1478
1146	0	1554
1146	0	1618
1146	0	1623
1147	0	137
1147	0	249
1147	0	1072
1147	0	1086
1147	1	1147
1147	0	1238
1148	0	1094
1148	1	1148
1148	0	1594
1149	1	1149
1150	0	73
1150	0	165
1150	0	167
1150	0	1059
1150	0	1119
1150	1	1150
1150	0	1260
1150	0	1289
1150	0	1465
1150	0	1493
1150	0	1615
1150	0	1687
1151	1	1151
1152	1	1152
1153	0	39
1153	0	60
1153	0	134
1153	0	158
1153	0	186
1153	0	271
1153	0	1118
1153	0	1146
1153	1	1153
1153	0	1205
1153	0	1220
1153	0	1233
1153	0	1275
1153	0	1298
1153	0	1365
1153	0	1381
1153	0	1398
1153	0	1415
1153	0	1434
1153	0	1505
1153	0	1538
1153	0	1554
1153	0	1603
1153	0	1618
1153	0	1623
1153	0	1626
1153	0	1650
1154	1	1154
1155	1	1155
1156	1	1156
1157	0	52
1157	0	106
1157	0	126
1157	0	172
1157	0	192
1157	0	195
1157	0	197
1157	0	252
1157	0	267
1157	0	290
1157	0	1037
1157	0	1104
1157	0	1131
1157	0	1132
1157	1	1157
1157	0	1191
1157	0	1255
1157	0	1265
1157	0	1295
1157	0	1297
1157	0	1312
1157	0	1317
1157	0	1336
1157	0	1416
1157	0	1438
1157	0	1446
1157	0	1475
1157	0	1525
1157	0	1578
1157	0	1706
1158	1	1158
1159	0	1007
1159	0	1074
1159	1	1159
1160	0	1068
1160	0	1080
1160	1	1160
1161	0	24
1161	0	47
1161	0	213
1161	0	215
1161	0	1022
1161	0	1024
1161	1	1161
1161	0	1202
1161	0	1206
1161	0	1261
1161	0	1387
1161	0	1547
1161	0	1659
1161	0	1703
1162	1	1162
1163	1	1163
1164	1	1164
1165	0	10
1165	0	82
1165	0	149
1165	0	1118
1165	0	1129
1165	1	1165
1165	0	1310
1165	0	1536
1166	1	1166
1167	0	89
1167	0	106
1167	1	1167
1167	0	1205
1167	0	1683
1168	1	1168
1168	0	1202
1168	0	1332
1168	0	1593
1169	0	39
1169	1	1169
1169	0	1365
1170	1	1170
1171	1	1171
1172	0	34
1172	0	121
1172	0	140
1172	0	166
1172	0	187
1172	0	206
1172	0	240
1172	0	1004
1172	0	1124
1172	0	1127
1172	1	1172
1172	0	1215
1172	0	1233
1172	0	1250
1172	0	1317
1172	0	1333
1172	0	1498
1172	0	1520
1172	0	1554
1172	0	1657
1172	0	1660
1172	0	1681
1173	1	1173
1174	0	219
1174	1	1174
1174	0	1186
1174	0	1376
1174	0	1455
1175	0	51
1175	0	103
1175	0	111
1175	0	167
1175	0	231
1175	0	1016
1175	0	1059
1175	0	1128
1175	1	1175
1175	0	1220
1175	0	1238
1175	0	1278
1175	0	1310
1175	0	1390
1175	0	1468
1175	0	1485
1175	0	1615
1175	0	1649
1175	0	1652
1175	0	1669
1176	1	1176
1177	0	37
1177	1	1177
1177	0	1213
1177	0	1306
1177	0	1642
1178	1	1178
1179	1	1179
1180	1	1180
1181	0	255
1181	0	266
1181	1	1181
1181	0	1521
1182	0	60
1182	0	1048
1182	1	1182
1182	0	1403
1182	0	1419
1182	0	1540
1182	0	1680
1183	1	1183
1183	0	1680
1184	1	1184
1184	0	1268
1185	0	27
1185	0	55
1185	0	250
1185	0	1135
1185	0	1183
1185	1	1185
1185	0	1234
1185	0	1309
1185	0	1344
1185	0	1512
1185	0	1690
1185	0	1693
1186	0	152
1186	1	1186
1186	0	1289
1186	0	1310
1187	1	1187
1188	0	61
1188	0	249
1188	0	1072
1188	1	1188
1188	0	1557
1189	1	1189
1190	1	1190
1191	1	1191
1192	1	1192
1193	1	1193
1194	0	4
1194	0	28
1194	0	55
1194	0	188
1194	0	279
1194	0	280
1194	0	1131
1194	1	1194
1194	0	1200
1194	0	1205
1194	0	1374
1194	0	1434
1195	1	1195
1196	0	23
1196	0	206
1196	0	287
1196	0	1004
1196	1	1196
1196	0	1233
1196	0	1264
1196	0	1332
1196	0	1333
1196	0	1453
1196	0	1498
1196	0	1681
1197	1	1197
1198	1	1198
1199	1	1199
1200	0	280
1200	1	1200
1200	0	1476
1201	1	1201
1202	0	47
1202	0	90
1202	0	1021
1202	0	1022
1202	0	1024
1202	0	1161
1202	0	1168
1202	1	1202
1202	0	1206
1202	0	1261
1202	0	1268
1202	0	1310
1202	0	1375
1202	0	1382
1202	0	1387
1202	0	1407
1202	0	1461
1202	0	1547
1202	0	1593
1202	0	1621
1202	0	1659
1202	0	1703
1203	0	125
1203	0	192
1203	0	1035
1203	0	1037
1203	0	1119
1203	0	1138
1203	1	1203
1203	0	1245
1203	0	1253
1203	0	1278
1203	0	1289
1203	0	1320
1203	0	1390
1203	0	1465
1203	0	1485
1203	0	1517
1204	1	1204
1205	0	37
1205	0	60
1205	0	98
1205	0	117
1205	0	158
1205	0	166
1205	0	177
1205	0	184
1205	0	187
1205	0	188
1205	0	213
1205	0	227
1205	0	230
1205	0	238
1205	0	279
1205	0	1036
1205	0	1040
1205	0	1091
1205	0	1158
1205	0	1167
1205	1	1205
1205	0	1209
1205	0	1237
1205	0	1241
1205	0	1294
1205	0	1302
1205	0	1308
1205	0	1390
1205	0	1396
1205	0	1413
1205	0	1421
1205	0	1427
1205	0	1445
1205	0	1475
1205	0	1554
1205	0	1565
1205	0	1593
1205	0	1618
1205	0	1626
1205	0	1679
1205	0	1707
1206	0	40
1206	1	1206
1206	0	1407
1206	0	1659
1207	1	1207
1208	0	49
1208	0	1040
1208	1	1208
1208	0	1306
1209	0	4
1209	0	5
1209	0	12
1209	0	13
1209	0	28
1209	0	77
1209	0	172
1209	0	188
1209	0	191
1209	0	198
1209	0	219
1209	0	247
1209	0	248
1209	0	288
1209	0	291
1209	0	1067
1209	0	1080
1209	0	1084
1209	0	1107
1209	0	1143
1209	0	1183
1209	0	1205
1209	1	1209
1209	0	1240
1209	0	1244
1209	0	1279
1209	0	1347
1209	0	1360
1209	0	1373
1209	0	1391
1209	0	1441
1209	0	1448
1209	0	1470
1209	0	1478
1209	0	1486
1209	0	1531
1209	0	1544
1209	0	1553
1209	0	1575
1209	0	1602
1209	0	1624
1209	0	1626
1209	0	1627
1209	0	1632
1209	0	1699
1209	0	1700
1209	0	1704
1210	1	1210
1211	1	1211
1212	0	89
1212	0	281
1212	0	298
1212	1	1212
1212	0	1337
1212	0	1642
1213	0	124
1213	1	1213
1213	0	1237
1213	0	1325
1213	0	1642
1214	0	279
1214	1	1214
1215	0	140
1215	0	238
1215	0	1172
1215	1	1215
1216	1	1216
1217	0	102
1217	0	1081
1217	1	1217
1217	0	1306
1217	0	1483
1217	0	1535
1217	0	1653
1217	0	1680
1217	0	1704
1218	1	1218
1219	0	1
1219	0	12
1219	1	1219
1219	0	1235
1219	0	1403
1219	0	1441
1219	0	1446
1219	0	1464
1219	0	1467
1219	0	1486
1219	0	1493
1219	0	1507
1219	0	1531
1219	0	1584
1219	0	1627
1220	0	60
1220	0	88
1220	0	111
1220	0	134
1220	0	156
1220	0	165
1220	0	185
1220	0	188
1220	0	231
1220	0	242
1220	0	255
1220	0	266
1220	0	1037
1220	0	1059
1220	0	1091
1220	0	1095
1220	0	1118
1220	0	1153
1220	0	1165
1220	0	1175
1220	0	1181
1220	0	1205
1220	1	1220
1220	0	1245
1220	0	1268
1220	0	1289
1220	0	1294
1220	0	1305
1220	0	1310
1220	0	1351
1220	0	1377
1220	0	1390
1220	0	1395
1220	0	1421
1220	0	1445
1220	0	1454
1220	0	1468
1220	0	1506
1220	0	1517
1220	0	1554
1220	0	1557
1220	0	1603
1220	0	1618
1220	0	1651
1220	0	1655
1221	1	1221
1222	1	1222
1223	1	1223
1224	1	1224
1225	0	37
1225	0	60
1225	0	74
1225	0	188
1225	1	1225
1225	0	1249
1225	0	1449
1226	0	228
1226	0	1009
1226	1	1226
1227	1	1227
1228	1	1228
1229	0	266
1229	0	1063
1229	1	1229
1229	0	1264
1229	0	1623
1230	0	1125
1230	1	1230
1230	0	1399
1230	0	1423
1230	0	1573
1231	0	192
1231	0	238
1231	0	1038
1231	0	1065
1231	0	1086
1231	1	1231
1231	0	1292
1231	0	1466
1231	0	1570
1231	0	1612
1231	0	1625
1231	0	1626
1232	1	1232
1233	0	23
1233	0	89
1233	0	134
1233	0	140
1233	0	159
1233	0	187
1233	0	266
1233	0	279
1233	0	287
1233	0	1063
1233	0	1146
1233	0	1153
1233	0	1172
1233	0	1186
1233	0	1187
1233	0	1196
1233	0	1229
1233	1	1233
1233	0	1264
1233	0	1332
1233	0	1333
1233	0	1334
1233	0	1361
1233	0	1388
1233	0	1427
1233	0	1434
1233	0	1453
1233	0	1475
1233	0	1549
1233	0	1554
1233	0	1594
1233	0	1618
1233	0	1623
1234	0	213
1234	0	230
1234	0	247
1234	0	279
1234	0	1086
1234	0	1185
1234	1	1234
1234	0	1589
1234	0	1690
1234	0	1697
1235	0	4
1235	0	12
1235	0	28
1235	0	117
1235	0	235
1235	0	269
1235	0	1084
1235	0	1219
1235	1	1235
1235	0	1256
1235	0	1279
1235	0	1353
1235	0	1403
1235	0	1464
1235	0	1507
1235	0	1672
1235	0	1683
1235	0	1704
1236	1	1236
1237	0	41
1237	0	69
1237	0	83
1237	0	101
1237	0	119
1237	0	124
1237	0	138
1237	0	205
1237	0	1013
1237	0	1025
1237	0	1037
1237	0	1040
1237	0	1046
1237	0	1091
1237	0	1105
1237	0	1180
1237	0	1190
1237	0	1192
1237	0	1213
1237	1	1237
1237	0	1265
1237	0	1294
1237	0	1325
1237	0	1352
1237	0	1449
1237	0	1642
1238	0	1
1238	0	61
1238	0	112
1238	0	119
1238	0	249
1238	0	1072
1238	0	1147
1238	0	1175
1238	1	1238
1238	0	1245
1238	0	1616
1239	1	1239
1240	0	106
1240	0	180
1240	0	207
1240	0	235
1240	0	1038
1240	0	1084
1240	0	1143
1240	0	1176
1240	1	1240
1240	0	1360
1240	0	1367
1241	0	230
1241	0	1017
1241	0	1065
1241	0	1205
1241	1	1241
1241	0	1308
1242	1	1242
1243	0	55
1243	0	67
1243	0	119
1243	0	225
1243	0	230
1243	0	232
1243	0	244
1243	0	1041
1243	0	1067
1243	0	1136
1243	1	1243
1243	0	1327
1243	0	1333
1243	0	1344
1243	0	1395
1243	0	1400
1243	0	1467
1243	0	1539
1243	0	1543
1243	0	1558
1243	0	1576
1243	0	1654
1243	0	1658
1243	0	1690
1243	0	1697
1244	0	198
1244	0	230
1244	0	1209
1244	1	1244
1244	0	1422
1244	0	1441
1244	0	1540
1244	0	1624
1244	0	1626
1244	0	1627
1244	0	1654
1244	0	1704
1245	0	52
1245	0	60
1245	0	61
1245	0	125
1245	0	156
1245	0	249
1245	0	1035
1245	0	1059
1245	0	1118
1245	0	1188
1245	0	1203
1245	0	1220
1245	0	1238
1245	1	1245
1245	0	1289
1245	0	1349
1245	0	1387
1245	0	1468
1245	0	1475
1245	0	1526
1245	0	1557
1246	0	135
1246	0	141
1246	0	199
1246	0	1019
1246	1	1246
1246	0	1541
1246	0	1560
1246	0	1618
1246	0	1654
1246	0	1655
1246	0	1674
1246	0	1694
1247	0	7
1247	0	142
1247	0	143
1247	1	1247
1247	0	1266
1247	0	1283
1247	0	1372
1247	0	1442
1247	0	1444
1247	0	1494
1248	1	1248
1249	0	219
1249	1	1249
1249	0	1253
1249	0	1298
1249	0	1317
1249	0	1365
1249	0	1434
1249	0	1446
1249	0	1449
1249	0	1506
1249	0	1547
1249	0	1623
1249	0	1626
1250	0	166
1250	0	292
1250	0	1127
1250	1	1250
1250	0	1317
1250	0	1333
1250	0	1554
1250	0	1681
1251	1	1251
1252	1	1252
1253	0	60
1253	0	74
1253	0	188
1253	0	1091
1253	0	1203
1253	0	1249
1253	1	1253
1253	0	1332
1253	0	1446
1253	0	1449
1253	0	1506
1253	0	1515
1253	0	1571
1253	0	1576
1253	0	1623
1254	0	1
1254	0	61
1254	0	213
1254	1	1254
1255	0	166
1255	1	1255
1255	0	1520
1255	0	1554
1255	0	1654
1255	0	1691
1256	0	106
1256	1	1256
1256	0	1373
1257	0	133
1257	1	1257
1258	1	1258
1259	0	167
1259	1	1259
1259	0	1615
1260	1	1260
1261	0	24
1261	0	47
1261	0	206
1261	0	215
1261	0	1022
1261	0	1024
1261	0	1161
1261	0	1202
1261	1	1261
1261	0	1268
1261	0	1387
1261	0	1407
1261	0	1547
1261	0	1659
1262	0	49
1262	0	1105
1262	1	1262
1262	0	1325
1263	1	1263
1264	0	23
1264	0	159
1264	0	206
1264	0	266
1264	0	287
1264	0	1196
1264	0	1229
1264	1	1264
1264	0	1332
1264	0	1549
1264	0	1681
1265	1	1265
1266	1	1266
1266	0	1434
1267	1	1267
1268	0	40
1268	0	1024
1268	0	1184
1268	0	1202
1268	0	1261
1268	1	1268
1268	0	1382
1268	0	1426
1268	0	1475
1268	0	1547
1268	0	1629
1268	0	1659
1269	0	119
1269	0	277
1269	1	1269
1269	0	1475
1270	1	1270
1271	0	39
1271	0	59
1271	0	1082
1271	0	1169
1271	1	1271
1271	0	1298
1271	0	1650
1272	0	5
1272	0	77
1272	0	98
1272	0	177
1272	0	227
1272	0	248
1272	0	294
1272	0	1017
1272	0	1036
1272	0	1042
1272	0	1112
1272	0	1173
1272	0	1205
1272	0	1241
1272	1	1272
1272	0	1302
1272	0	1308
1272	0	1396
1272	0	1413
1272	0	1470
1272	0	1565
1272	0	1632
1272	0	1679
1272	0	1694
1272	0	1707
1273	1	1273
1273	0	1468
1274	0	61
1274	0	159
1274	0	160
1274	0	1097
1274	0	1153
1274	0	1233
1274	0	1237
1274	1	1274
1274	0	1366
1274	0	1387
1274	0	1445
1274	0	1479
1274	0	1516
1274	0	1573
1274	0	1588
1274	0	1603
1274	0	1638
1275	0	39
1275	0	1075
1275	0	1125
1275	0	1153
1275	1	1275
1275	0	1414
1275	0	1505
1275	0	1565
1276	0	73
1276	0	293
1276	0	1035
1276	1	1276
1276	0	1289
1277	1	1277
1278	0	167
1278	0	1175
1278	1	1278
1278	0	1485
1278	0	1615
1279	0	1209
1279	0	1235
1279	1	1279
1279	0	1360
1279	0	1486
1280	0	146
1280	0	156
1280	0	158
1280	0	170
1280	0	177
1280	0	213
1280	0	238
1280	0	254
1280	0	276
1280	0	284
1280	0	1050
1280	0	1058
1280	0	1161
1280	1	1280
1280	0	1293
1280	0	1310
1280	0	1389
1280	0	1418
1280	0	1451
1280	0	1629
1280	0	1634
1280	0	1636
1280	0	1675
1281	1	1281
1282	1	1282
1283	0	142
1283	0	1247
1283	1	1283
1283	0	1494
1284	0	134
1284	0	169
1284	0	272
1284	1	1284
1284	0	1331
1284	0	1445
1284	0	1558
1285	0	104
1285	0	174
1285	0	244
1285	0	1032
1285	0	1067
1285	0	1217
1285	0	1243
1285	1	1285
1285	0	1389
1285	0	1467
1285	0	1535
1285	0	1690
1285	0	1697
1286	1	1286
1287	0	283
1287	1	1287
1287	0	1434
1288	0	141
1288	0	166
1288	0	187
1288	0	227
1288	0	1074
1288	0	1231
1288	1	1288
1288	0	1474
1288	0	1642
1289	0	4
1289	0	37
1289	0	57
1289	0	60
1289	0	73
1289	0	110
1289	0	119
1289	0	125
1289	0	156
1289	0	159
1289	0	160
1289	0	164
1289	0	165
1289	0	167
1289	0	196
1289	0	231
1289	0	239
1289	0	256
1289	0	263
1289	0	266
1289	0	293
1289	0	1010
1289	0	1013
1289	0	1027
1289	0	1029
1289	0	1035
1289	0	1037
1289	0	1059
1289	0	1086
1289	0	1119
1289	0	1128
1289	0	1138
1289	0	1150
1289	0	1182
1289	0	1186
1289	0	1220
1289	0	1245
1289	0	1268
1289	0	1270
1289	0	1276
1289	1	1289
1289	0	1305
1289	0	1310
1289	0	1320
1289	0	1351
1289	0	1377
1289	0	1390
1289	0	1438
1289	0	1446
1289	0	1465
1289	0	1468
1289	0	1479
1289	0	1485
1289	0	1540
1289	0	1557
1289	0	1571
1289	0	1588
1289	0	1615
1289	0	1618
1289	0	1650
1289	0	1651
1289	0	1687
1290	0	55
1290	0	1021
1290	0	1029
1290	0	1118
1290	0	1220
1290	0	1243
1290	1	1290
1290	0	1320
1290	0	1423
1290	0	1434
1291	1	1291
1292	0	1086
1292	1	1292
1293	0	170
1293	1	1293
1293	0	1636
1294	1	1294
1295	0	97
1295	0	133
1295	0	156
1295	0	1157
1295	1	1295
1295	0	1312
1295	0	1416
1295	0	1441
1295	0	1486
1295	0	1626
1296	1	1296
1297	1	1297
1298	0	70
1298	0	126
1298	0	168
1298	0	183
1298	0	188
1298	0	192
1298	0	194
1298	0	200
1298	0	238
1298	0	248
1298	0	271
1298	0	279
1298	0	1075
1298	0	1086
1298	0	1107
1298	0	1153
1298	0	1205
1298	0	1249
1298	0	1253
1298	0	1271
1298	1	1298
1298	0	1399
1298	0	1421
1298	0	1435
1298	0	1442
1298	0	1455
1298	0	1457
1298	0	1493
1298	0	1626
1298	0	1707
1299	1	1299
1300	1	1300
1301	1	1301
1302	0	98
1302	0	177
1302	0	227
1302	0	1017
1302	1	1302
1302	0	1308
1302	0	1396
1302	0	1413
1302	0	1470
1302	0	1552
1302	0	1575
1303	1	1303
1304	0	1079
1304	0	1213
1304	1	1304
1305	0	132
1305	0	231
1305	0	1059
1305	0	1119
1305	0	1146
1305	0	1220
1305	0	1289
1305	1	1305
1305	0	1424
1305	0	1446
1305	0	1468
1306	0	1040
1306	0	1081
1306	0	1177
1306	0	1208
1306	0	1212
1306	0	1217
1306	1	1306
1306	0	1438
1306	0	1483
1306	0	1525
1306	0	1535
1306	0	1654
1307	1	1307
1308	0	5
1308	0	60
1308	0	77
1308	0	177
1308	0	227
1308	0	248
1308	0	292
1308	0	1017
1308	0	1036
1308	0	1112
1308	0	1173
1308	0	1205
1308	0	1241
1308	0	1272
1308	0	1302
1308	1	1308
1308	0	1373
1308	0	1388
1308	0	1396
1308	0	1403
1308	0	1413
1308	0	1421
1308	0	1470
1308	0	1565
1308	0	1632
1308	0	1679
1308	0	1680
1308	0	1704
1308	0	1707
1309	0	1185
1309	1	1309
1310	0	5
1310	0	60
1310	0	69
1310	0	74
1310	0	90
1310	0	126
1310	0	158
1310	0	188
1310	0	190
1310	0	228
1310	0	230
1310	0	231
1310	0	249
1310	0	1009
1310	0	1036
1310	0	1037
1310	0	1040
1310	0	1046
1310	0	1117
1310	0	1118
1310	0	1175
1310	0	1186
1310	0	1202
1310	0	1205
1310	0	1220
1310	0	1237
1310	0	1280
1310	0	1294
1310	1	1310
1310	0	1390
1310	0	1395
1310	0	1399
1310	0	1403
1310	0	1415
1310	0	1421
1310	0	1427
1310	0	1445
1310	0	1485
1310	0	1486
1310	0	1536
1310	0	1594
1311	1	1311
1312	0	89
1312	0	119
1312	0	150
1312	0	165
1312	0	192
1312	0	277
1312	0	290
1312	0	1157
1312	0	1237
1312	0	1295
1312	1	1312
1312	0	1320
1312	0	1336
1312	0	1390
1312	0	1558
1312	0	1593
1312	0	1626
1312	0	1654
1312	0	1666
1312	0	1687
1313	1	1313
1314	1	1314
1315	1	1315
1316	1	1316
1317	0	187
1317	0	189
1317	0	192
1317	0	266
1317	0	279
1317	0	1249
1317	0	1255
1317	0	1275
1317	1	1317
1317	0	1332
1317	0	1359
1317	0	1388
1317	0	1475
1317	0	1565
1317	0	1594
1317	0	1691
1318	1	1318
1319	1	1319
1320	0	55
1320	0	90
1320	0	149
1320	0	1119
1320	0	1203
1320	0	1289
1320	0	1290
1320	1	1320
1320	0	1626
1321	0	1024
1321	0	1202
1321	1	1321
1322	1	1322
1323	1	1323
1324	1	1324
1325	0	45
1325	0	124
1325	0	205
1325	0	298
1325	0	1026
1325	0	1213
1325	0	1262
1325	0	1306
1325	1	1325
1325	0	1379
1325	0	1599
1325	0	1642
1326	1	1326
1327	0	89
1327	0	230
1327	0	244
1327	0	1032
1327	0	1041
1327	0	1243
1327	1	1327
1327	0	1395
1328	1	1328
1329	1	1329
1329	0	1382
1330	1	1330
1331	0	81
1331	0	134
1331	0	1108
1331	1	1331
1332	0	23
1332	0	159
1332	0	187
1332	0	189
1332	0	213
1332	0	238
1332	0	279
1332	0	287
1332	0	1019
1332	0	1063
1332	0	1094
1332	0	1148
1332	0	1168
1332	0	1187
1332	0	1196
1332	0	1229
1332	0	1233
1332	0	1253
1332	0	1264
1332	0	1312
1332	0	1317
1332	1	1332
1332	0	1333
1332	0	1334
1332	0	1361
1332	0	1388
1332	0	1403
1332	0	1453
1332	0	1475
1332	0	1479
1332	0	1541
1332	0	1549
1332	0	1554
1332	0	1561
1332	0	1593
1332	0	1594
1332	0	1681
1333	0	23
1333	0	140
1333	0	159
1333	0	166
1333	0	206
1333	0	279
1333	0	287
1333	0	1004
1333	0	1056
1333	0	1063
1333	0	1080
1333	0	1118
1333	0	1126
1333	0	1172
1333	0	1196
1333	0	1229
1333	0	1233
1333	0	1243
1333	0	1250
1333	0	1264
1333	0	1332
1333	1	1333
1333	0	1334
1333	0	1359
1333	0	1361
1333	0	1371
1333	0	1388
1333	0	1403
1333	0	1476
1333	0	1549
1333	0	1594
1333	0	1597
1333	0	1657
1333	0	1681
1334	1	1334
1335	1	1335
1336	0	52
1336	0	192
1336	0	1119
1336	0	1298
1336	1	1336
1336	0	1383
1336	0	1475
1336	0	1626
1337	0	95
1337	0	131
1337	0	298
1337	0	1025
1337	0	1049
1337	0	1091
1337	0	1212
1337	0	1237
1337	1	1337
1337	0	1341
1337	0	1491
1337	0	1535
1338	1	1338
1339	1	1339
1340	1	1340
1341	0	1
1341	0	90
1341	0	101
1341	0	158
1341	0	163
1341	0	1025
1341	0	1027
1341	0	1037
1341	0	1040
1341	0	1091
1341	0	1294
1341	0	1337
1341	1	1341
1341	0	1366
1341	0	1403
1341	0	1409
1341	0	1493
1341	0	1535
1341	0	1653
1342	1	1342
1343	1	1343
1344	0	1185
1344	0	1243
1344	1	1344
1345	1	1345
1346	0	1038
1346	0	1171
1346	1	1346
1346	0	1360
1346	0	1388
1347	0	13
1347	0	72
1347	0	89
1347	0	198
1347	0	263
1347	0	1127
1347	0	1209
1347	0	1244
1347	0	1321
1347	1	1347
1347	0	1353
1347	0	1405
1347	0	1441
1347	0	1448
1347	0	1486
1347	0	1531
1347	0	1627
1347	0	1699
1347	0	1704
1348	1	1348
1349	0	61
1349	0	111
1349	0	162
1349	0	1072
1349	0	1188
1349	0	1216
1349	0	1245
1349	1	1349
1350	1	1350
1351	0	51
1351	0	73
1351	0	89
1351	0	112
1351	0	125
1351	0	132
1351	0	167
1351	0	266
1351	0	293
1351	0	1016
1351	0	1059
1351	0	1119
1351	0	1128
1351	1	1351
1351	0	1468
1351	0	1493
1351	0	1571
1351	0	1588
1351	0	1615
1351	0	1649
1351	0	1651
1351	0	1687
1352	0	1040
1352	0	1105
1352	0	1213
1352	0	1237
1352	1	1352
1353	0	1176
1353	0	1347
1353	1	1353
1353	0	1357
1353	0	1385
1353	0	1389
1353	0	1441
1353	0	1486
1353	0	1531
1354	1	1354
1355	1	1355
1356	1	1356
1357	0	1353
1357	1	1357
1357	0	1385
1357	0	1441
1357	0	1486
1357	0	1540
1358	1	1358
1359	0	66
1359	0	180
1359	0	189
1359	0	1076
1359	1	1359
1360	0	172
1360	0	177
1360	0	1209
1360	0	1279
1360	0	1346
1360	1	1360
1360	0	1441
1360	0	1624
1361	0	159
1361	0	1333
1361	1	1361
1362	0	1009
1362	0	1077
1362	1	1362
1362	0	1445
1362	0	1487
1362	0	1501
1363	0	90
1363	0	1009
1363	1	1363
1364	1	1364
1365	0	39
1365	0	85
1365	0	192
1365	0	213
1365	0	266
1365	0	271
1365	0	1146
1365	0	1153
1365	0	1169
1365	0	1253
1365	1	1365
1365	0	1505
1365	0	1536
1365	0	1603
1366	0	60
1366	0	102
1366	0	1025
1366	0	1046
1366	0	1102
1366	0	1113
1366	0	1341
1366	1	1366
1366	0	1535
1366	0	1582
1366	0	1646
1366	0	1653
1366	0	1654
1367	0	1038
1367	1	1367
1368	1	1368
1368	0	1449
1369	1	1369
1370	1	1370
1371	0	1333
1371	1	1371
1371	0	1449
1371	0	1516
1372	1	1372
1372	0	1403
1373	0	4
1373	0	28
1373	0	184
1373	0	188
1373	0	1084
1373	0	1118
1373	0	1209
1373	0	1256
1373	0	1308
1373	1	1373
1373	0	1391
1374	1	1374
1375	0	24
1375	0	47
1375	0	72
1375	0	215
1375	0	1022
1375	0	1024
1375	0	1137
1375	1	1375
1375	0	1547
1375	0	1649
1375	0	1659
1376	0	1174
1376	1	1376
1377	0	60
1377	0	73
1377	0	111
1377	0	165
1377	0	1095
1377	1	1377
1378	1	1378
1379	1	1379
1380	1	1380
1381	0	1153
1381	1	1381
1381	0	1399
1382	0	1202
1382	1	1382
1382	0	1659
1383	0	14
1383	0	283
1383	0	1125
1383	1	1383
1383	0	1410
1383	0	1434
1384	1	1384
1385	0	1353
1385	0	1357
1385	1	1385
1385	0	1441
1385	0	1486
1386	1	1386
1387	0	24
1387	0	47
1387	0	184
1387	0	1021
1387	0	1022
1387	0	1024
1387	0	1161
1387	0	1202
1387	0	1268
1387	0	1382
1387	1	1387
1387	0	1407
1387	0	1547
1387	0	1621
1387	0	1659
1388	0	100
1388	0	1308
1388	0	1317
1388	0	1332
1388	0	1333
1388	0	1346
1388	1	1388
1388	0	1601
1388	0	1704
1389	0	146
1389	0	156
1389	0	266
1389	0	1353
1389	1	1389
1389	0	1399
1389	0	1575
1389	0	1636
1390	0	60
1390	0	119
1390	0	126
1390	0	159
1390	0	177
1390	0	187
1390	0	188
1390	0	199
1390	0	279
1390	0	1205
1390	0	1233
1390	0	1245
1390	0	1332
1390	1	1390
1390	0	1395
1390	0	1445
1390	0	1449
1390	0	1526
1390	0	1560
1390	0	1565
1390	0	1603
1390	0	1618
1391	0	1038
1391	0	1107
1391	0	1209
1391	0	1373
1391	1	1391
1392	1	1392
1393	1	1393
1394	1	1394
1395	0	60
1395	0	134
1395	0	177
1395	0	190
1395	0	232
1395	0	244
1395	0	1032
1395	0	1037
1395	0	1040
1395	0	1067
1395	0	1146
1395	0	1243
1395	0	1310
1395	0	1327
1395	1	1395
1395	0	1406
1395	0	1421
1395	0	1445
1395	0	1478
1395	0	1533
1395	0	1558
1395	0	1638
1395	0	1697
1396	0	177
1396	0	227
1396	0	248
1396	0	1017
1396	0	1205
1396	0	1302
1396	0	1308
1396	1	1396
1396	0	1494
1396	0	1680
1397	1	1397
1398	0	39
1398	0	186
1398	1	1398
1398	0	1654
1399	0	31
1399	0	60
1399	0	142
1399	0	1080
1399	0	1230
1399	0	1266
1399	0	1298
1399	0	1372
1399	0	1381
1399	0	1389
1399	0	1390
1399	0	1395
1399	1	1399
1399	0	1434
1399	0	1618
1400	0	82
1400	0	1014
1400	0	1243
1400	1	1400
1400	0	1474
1400	0	1558
1400	0	1576
1400	0	1628
1401	1	1401
1402	0	1016
1402	1	1402
1402	0	1615
1403	0	1
1403	0	81
1403	0	111
1403	0	118
1403	0	177
1403	0	276
1403	0	1107
1403	0	1144
1403	0	1182
1403	0	1310
1403	0	1333
1403	0	1341
1403	1	1403
1403	0	1453
1403	0	1485
1403	0	1493
1403	0	1584
1403	0	1599
1403	0	1623
1403	0	1659
1404	0	107
1404	1	1404
1404	0	1467
1405	0	13
1405	0	172
1405	0	1347
1405	1	1405
1405	0	1553
1405	0	1699
1406	0	134
1406	0	158
1406	0	1009
1406	0	1362
1406	1	1406
1406	0	1474
1406	0	1487
1406	0	1638
1407	0	24
1407	0	89
1407	0	1202
1407	0	1206
1407	0	1261
1407	0	1387
1407	0	1403
1407	1	1407
1407	0	1446
1407	0	1547
1407	0	1659
1408	1	1408
1408	0	1472
1409	0	1013
1409	1	1409
1410	0	97
1410	0	119
1410	0	192
1410	0	213
1410	0	1119
1410	0	1336
1410	0	1383
1410	1	1410
1410	0	1583
1410	0	1626
1410	0	1654
1411	1	1411
1412	1	1412
1413	0	177
1413	0	227
1413	0	1126
1413	0	1205
1413	0	1302
1413	0	1396
1413	1	1413
1413	0	1440
1414	1	1414
1414	0	1421
1415	0	39
1415	0	192
1415	0	213
1415	0	1153
1415	0	1310
1415	1	1415
1416	0	97
1416	0	1269
1416	1	1416
1417	0	89
1417	0	192
1417	1	1417
1418	0	1039
1418	0	1050
1418	0	1280
1418	1	1418
1418	0	1629
1419	0	15
1419	0	18
1419	0	100
1419	0	113
1419	0	148
1419	0	245
1419	0	292
1419	0	1080
1419	0	1126
1419	0	1182
1419	0	1205
1419	1	1419
1419	0	1421
1419	0	1427
1419	0	1569
1419	0	1694
1419	0	1707
1420	1	1420
1421	0	18
1421	0	31
1421	0	60
1421	0	88
1421	0	89
1421	0	100
1421	0	106
1421	0	113
1421	0	121
1421	0	126
1421	0	156
1421	0	177
1421	0	183
1421	0	188
1421	0	196
1421	0	279
1421	0	280
1421	0	1037
1421	0	1059
1421	0	1068
1421	0	1091
1421	0	1118
1421	0	1126
1421	0	1182
1421	0	1205
1421	0	1220
1421	0	1294
1421	0	1298
1421	0	1310
1421	0	1390
1421	0	1411
1421	0	1414
1421	0	1419
1421	1	1421
1421	0	1427
1421	0	1434
1421	0	1445
1421	0	1457
1421	0	1465
1421	0	1546
1421	0	1554
1421	0	1569
1421	0	1586
1421	0	1607
1421	0	1618
1421	0	1619
1421	0	1683
1422	0	13
1422	0	1032
1422	0	1113
1422	0	1244
1422	1	1422
1422	0	1441
1422	0	1627
1423	0	1086
1423	0	1230
1423	0	1290
1423	0	1371
1423	1	1423
1423	0	1449
1423	0	1516
1423	0	1536
1423	0	1566
1423	0	1638
1424	0	103
1424	0	1059
1424	0	1128
1424	0	1146
1424	0	1305
1424	0	1351
1424	1	1424
1424	0	1446
1424	0	1468
1425	0	249
1425	0	1238
1425	1	1425
1426	0	40
1426	0	47
1426	0	72
1426	0	276
1426	0	1202
1426	0	1268
1426	1	1426
1426	0	1461
1427	0	13
1427	0	28
1427	0	67
1427	0	100
1427	0	158
1427	0	245
1427	0	292
1427	0	1113
1427	0	1205
1427	0	1233
1427	0	1310
1427	0	1421
1427	1	1427
1427	0	1586
1427	0	1624
1427	0	1681
1427	0	1707
1428	1	1428
1429	1	1429
1430	1	1430
1431	0	1308
1431	1	1431
1432	1	1432
1433	0	73
1433	0	111
1433	0	1059
1433	0	1128
1433	1	1433
1433	0	1571
1433	0	1615
1434	0	7
1434	0	14
1434	0	142
1434	0	283
1434	0	1125
1434	0	1266
1434	0	1287
1434	0	1383
1434	0	1399
1434	0	1421
1434	1	1434
1434	0	1442
1434	0	1449
1434	0	1492
1434	0	1500
1434	0	1573
1435	0	4
1435	0	117
1435	0	1298
1435	1	1435
1435	0	1680
1435	0	1707
1436	1	1436
1437	1	1437
1438	0	68
1438	0	1013
1438	0	1289
1438	1	1438
1438	0	1582
1439	0	1086
1439	1	1439
1439	0	1472
1440	0	174
1440	0	274
1440	0	1143
1440	0	1413
1440	1	1440
1440	0	1552
1441	0	12
1441	0	13
1441	0	14
1441	0	113
1441	0	121
1441	0	133
1441	0	172
1441	0	198
1441	0	230
1441	0	269
1441	0	1030
1441	0	1136
1441	0	1140
1441	0	1209
1441	0	1219
1441	0	1235
1441	0	1244
1441	0	1279
1441	0	1344
1441	0	1347
1441	0	1353
1441	0	1357
1441	0	1360
1441	0	1385
1441	0	1401
1441	0	1405
1441	0	1422
1441	1	1441
1441	0	1448
1441	0	1464
1441	0	1486
1441	0	1531
1441	0	1540
1441	0	1553
1441	0	1584
1441	0	1619
1441	0	1624
1441	0	1626
1441	0	1627
1441	0	1648
1441	0	1654
1441	0	1682
1441	0	1699
1441	0	1704
1442	0	142
1442	0	158
1442	0	1247
1442	1	1442
1442	0	1475
1443	0	105
1443	0	1025
1443	1	1443
1443	0	1491
1443	0	1582
1444	1	1444
1445	0	60
1445	0	82
1445	0	85
1445	0	89
1445	0	119
1445	0	134
1445	0	151
1445	0	158
1445	0	213
1445	0	228
1445	0	238
1445	0	242
1445	0	271
1445	0	1009
1445	0	1037
1445	0	1091
1445	0	1103
1445	0	1118
1445	0	1146
1445	0	1271
1445	0	1284
1445	0	1294
1445	0	1310
1445	0	1362
1445	0	1390
1445	0	1395
1445	0	1421
1445	1	1445
1445	0	1449
1445	0	1468
1445	0	1472
1445	0	1474
1445	0	1475
1445	0	1478
1445	0	1487
1445	0	1505
1445	0	1538
1445	0	1554
1445	0	1566
1445	0	1582
1445	0	1593
1445	0	1603
1445	0	1604
1445	0	1618
1445	0	1626
1445	0	1696
1445	0	1698
1446	0	29
1446	0	165
1446	0	1036
1446	0	1059
1446	0	1119
1446	0	1146
1446	0	1175
1446	0	1219
1446	0	1249
1446	0	1253
1446	0	1289
1446	0	1305
1446	0	1407
1446	0	1424
1446	1	1446
1446	0	1468
1447	1	1447
1448	0	1441
1448	1	1448
1449	0	89
1449	0	110
1449	0	134
1449	0	156
1449	0	158
1449	0	160
1449	0	196
1449	0	213
1449	0	222
1449	0	232
1449	0	247
1449	0	1118
1449	0	1153
1449	0	1205
1449	0	1220
1449	0	1225
1449	0	1233
1449	0	1234
1449	0	1237
1449	0	1245
1449	0	1253
1449	0	1294
1449	0	1298
1449	0	1310
1449	0	1368
1449	0	1371
1449	0	1374
1449	0	1387
1449	0	1390
1449	0	1395
1449	0	1421
1449	0	1423
1449	0	1434
1449	0	1442
1449	0	1445
1449	1	1449
1449	0	1478
1449	0	1479
1449	0	1515
1449	0	1516
1449	0	1537
1449	0	1544
1449	0	1554
1449	0	1603
1449	0	1618
1449	0	1623
1449	0	1626
1449	0	1638
1449	0	1683
1449	0	1697
1450	1	1450
1451	1	1451
1451	0	1629
1452	1	1452
1453	0	287
1453	1	1453
1454	0	266
1454	0	1220
1454	1	1454
1455	0	15
1455	0	92
1455	0	126
1455	0	146
1455	0	187
1455	0	190
1455	0	1118
1455	0	1298
1455	1	1455
1455	0	1623
1456	1	1456
1457	0	126
1457	0	183
1457	0	271
1457	0	1298
1457	0	1421
1457	0	1445
1457	1	1457
1457	0	1586
1457	0	1610
1458	1	1458
1459	1	1459
1460	1	1460
1461	0	40
1461	0	47
1461	0	72
1461	0	1089
1461	0	1202
1461	0	1426
1461	1	1461
1461	0	1547
1461	0	1621
1461	0	1659
1462	0	165
1462	0	293
1462	1	1462
1463	0	1441
1463	1	1463
1464	1	1464
1465	0	184
1465	1	1465
1466	0	47
1466	0	213
1466	0	1164
1466	0	1231
1466	0	1268
1466	1	1466
1466	0	1557
1466	0	1659
1467	0	104
1467	0	230
1467	0	232
1467	0	244
1467	0	1067
1467	0	1219
1467	0	1285
1467	1	1467
1467	0	1543
1467	0	1697
1467	0	1707
1468	0	29
1468	0	85
1468	0	89
1468	0	103
1468	0	132
1468	0	151
1468	0	165
1468	0	213
1468	0	231
1468	0	1016
1468	0	1021
1468	0	1059
1468	0	1119
1468	0	1128
1468	0	1175
1468	0	1231
1468	0	1245
1468	0	1273
1468	0	1305
1468	0	1351
1468	0	1424
1468	0	1445
1468	0	1446
1468	1	1468
1468	0	1571
1468	0	1615
1468	0	1639
1468	0	1649
1468	0	1651
1469	1	1469
1470	0	5
1470	0	1017
1470	0	1036
1470	0	1062
1470	0	1107
1470	0	1113
1470	1	1470
1471	1	1471
1472	0	134
1472	0	1395
1472	1	1472
1473	1	1473
1474	0	3
1474	0	74
1474	0	81
1474	0	82
1474	0	169
1474	0	1009
1474	0	1065
1474	0	1230
1474	0	1362
1474	0	1406
1474	0	1445
1474	0	1472
1474	1	1474
1474	0	1538
1474	0	1566
1474	0	1573
1474	0	1629
1475	0	23
1475	0	39
1475	0	52
1475	0	55
1475	0	69
1475	0	74
1475	0	119
1475	0	126
1475	0	146
1475	0	159
1475	0	177
1475	0	187
1475	0	188
1475	0	189
1475	0	199
1475	0	219
1475	0	238
1475	0	266
1475	0	273
1475	0	277
1475	0	279
1475	0	280
1475	0	1019
1475	0	1037
1475	0	1043
1475	0	1059
1475	0	1119
1475	0	1138
1475	0	1146
1475	0	1153
1475	0	1157
1475	0	1202
1475	0	1203
1475	0	1205
1475	0	1231
1475	0	1233
1475	0	1237
1475	0	1245
1475	0	1312
1475	0	1316
1475	0	1317
1475	0	1332
1475	0	1336
1475	0	1390
1475	0	1442
1475	0	1445
1475	1	1475
1475	0	1486
1475	0	1515
1475	0	1526
1475	0	1544
1475	0	1560
1475	0	1565
1475	0	1569
1475	0	1571
1475	0	1586
1475	0	1593
1475	0	1603
1475	0	1618
1475	0	1626
1475	0	1629
1475	0	1651
1475	0	1654
1475	0	1681
1475	0	1696
1475	0	1700
1476	0	1333
1476	1	1476
1476	0	1658
1477	1	1477
1477	0	1650
1478	0	1032
1478	0	1146
1478	0	1395
1478	0	1449
1478	1	1478
1479	0	158
1479	0	277
1479	0	1037
1479	0	1289
1479	0	1320
1479	0	1390
1479	1	1479
1480	1	1480
1481	1	1481
1482	0	90
1482	0	100
1482	0	126
1482	0	183
1482	0	224
1482	0	245
1482	0	1110
1482	0	1113
1482	0	1126
1482	0	1413
1482	0	1414
1482	0	1457
1482	1	1482
1482	0	1546
1482	0	1552
1482	0	1586
1482	0	1610
1482	0	1680
1483	0	1126
1483	0	1306
1483	1	1483
1484	1	1484
1485	0	1
1485	0	37
1485	0	44
1485	0	60
1485	0	65
1485	0	73
1485	0	110
1485	0	111
1485	0	125
1485	0	165
1485	0	167
1485	0	231
1485	0	239
1485	0	293
1485	0	1035
1485	0	1119
1485	0	1138
1485	0	1150
1485	0	1175
1485	0	1186
1485	0	1203
1485	0	1276
1485	0	1278
1485	0	1289
1485	0	1310
1485	0	1403
1485	0	1462
1485	0	1465
1485	1	1485
1485	0	1493
1485	0	1528
1485	0	1557
1485	0	1571
1485	0	1572
1485	0	1588
1485	0	1615
1485	0	1687
1486	1	1486
1487	1	1487
1488	1	1488
1489	1	1489
1490	1	1490
1490	0	1612
1491	0	1105
1491	0	1325
1491	0	1337
1491	0	1443
1491	1	1491
1491	0	1642
1492	0	94
1492	0	1136
1492	0	1434
1492	1	1492
1492	0	1576
1492	0	1690
1493	0	1
1493	0	118
1493	0	125
1493	0	167
1493	0	228
1493	0	231
1493	0	265
1493	0	293
1493	0	1021
1493	0	1059
1493	0	1126
1493	0	1150
1493	0	1168
1493	0	1219
1493	0	1298
1493	0	1341
1493	0	1351
1493	0	1403
1493	0	1485
1493	1	1493
1493	0	1515
1493	0	1540
1493	0	1566
1493	0	1571
1493	0	1659
1493	0	1687
1494	0	31
1494	1	1494
1494	0	1565
1495	1	1495
1496	1	1496
1497	1	1497
1497	0	1557
1498	0	30
1498	0	206
1498	0	1004
1498	0	1124
1498	0	1127
1498	0	1196
1498	0	1215
1498	1	1498
1498	0	1520
1498	0	1681
1499	1	1499
1500	1	1500
1501	0	1032
1501	0	1362
1501	0	1472
1501	1	1501
1502	0	61
1502	0	1188
1502	0	1245
1502	0	1254
1502	0	1349
1502	1	1502
1502	0	1526
1502	0	1598
1503	0	61
1503	1	1503
1504	1	1504
1505	0	39
1505	0	60
1505	0	1131
1505	0	1153
1505	0	1275
1505	0	1365
1505	1	1505
1506	0	165
1506	0	1118
1506	0	1220
1506	0	1249
1506	0	1253
1506	1	1506
1506	0	1651
1506	0	1654
1507	0	1219
1507	0	1235
1507	0	1403
1507	0	1464
1507	0	1486
1507	1	1507
1507	0	1584
1508	1	1508
1509	1	1509
1510	1	1510
1510	0	1654
1511	0	28
1511	1	1511
1512	0	7
1512	0	1185
1512	1	1512
1512	0	1697
1513	0	6
1513	0	106
1513	0	261
1513	0	288
1513	1	1513
1513	0	1584
1514	1	1514
1515	0	1
1515	0	118
1515	0	167
1515	0	1168
1515	0	1253
1515	0	1310
1515	0	1403
1515	0	1493
1515	1	1515
1516	0	52
1516	0	213
1516	0	1153
1516	0	1371
1516	0	1445
1516	0	1449
1516	0	1479
1516	1	1516
1516	0	1603
1516	0	1615
1516	0	1638
1517	1	1517
1518	1	1518
1519	1	1519
1520	0	34
1520	0	166
1520	0	273
1520	0	1250
1520	1	1520
1520	0	1554
1520	0	1691
1521	0	57
1521	0	1141
1521	0	1181
1521	1	1521
1522	0	1032
1522	0	1521
1522	1	1522
1523	1	1523
1524	1	1524
1525	0	1438
1525	1	1525
1526	0	61
1526	0	112
1526	0	119
1526	0	123
1526	0	192
1526	0	238
1526	0	249
1526	0	1072
1526	0	1097
1526	0	1147
1526	0	1188
1526	0	1216
1526	0	1238
1526	0	1245
1526	0	1254
1526	0	1259
1526	0	1349
1526	0	1425
1526	0	1524
1526	1	1526
1526	0	1557
1526	0	1598
1526	0	1616
1526	0	1626
1526	0	1630
1527	1	1527
1528	1	1528
1529	1	1529
1530	1	1530
1531	0	1219
1531	0	1347
1531	0	1507
1531	1	1531
1532	1	1532
1533	0	184
1533	0	230
1533	0	244
1533	0	1395
1533	1	1533
1534	1	1534
1535	0	37
1535	0	89
1535	0	95
1535	0	102
1535	0	183
1535	0	205
1535	0	298
1535	0	1022
1535	0	1025
1535	0	1081
1535	0	1091
1535	0	1105
1535	0	1113
1535	0	1126
1535	0	1159
1535	0	1213
1535	0	1217
1535	0	1285
1535	0	1306
1535	0	1337
1535	0	1341
1535	0	1366
1535	0	1413
1535	0	1443
1535	0	1483
1535	1	1535
1535	0	1565
1535	0	1653
1536	0	184
1536	0	1118
1536	0	1165
1536	0	1423
1536	1	1536
1536	0	1557
1537	1	1537
1538	0	232
1538	0	1010
1538	0	1153
1538	0	1445
1538	0	1474
1538	1	1538
1539	1	1539
1540	0	12
1540	0	14
1540	0	113
1540	0	121
1540	0	1182
1540	0	1244
1540	0	1344
1540	0	1357
1540	0	1401
1540	0	1403
1540	0	1422
1540	0	1441
1540	0	1448
1540	0	1464
1540	0	1486
1540	1	1540
1540	0	1619
1541	0	111
1541	0	266
1541	0	1019
1541	0	1131
1541	0	1403
1541	1	1541
1541	0	1560
1542	1	1542
1543	0	31
1543	0	55
1543	0	60
1543	0	169
1543	0	244
1543	0	1014
1543	0	1136
1543	0	1243
1543	0	1285
1543	0	1308
1543	0	1327
1543	0	1467
1543	1	1543
1543	0	1576
1543	0	1628
1543	0	1658
1543	0	1690
1544	0	273
1544	0	1209
1544	0	1253
1544	0	1390
1544	0	1395
1544	0	1449
1544	1	1544
1544	0	1623
1544	0	1638
1545	0	131
1545	1	1545
1546	0	15
1546	0	126
1546	0	183
1546	0	1023
1546	0	1091
1546	0	1110
1546	0	1237
1546	0	1294
1546	0	1390
1546	0	1414
1546	0	1421
1546	0	1482
1546	1	1546
1546	0	1610
1547	0	24
1547	0	133
1547	0	1021
1547	0	1024
1547	0	1202
1547	0	1249
1547	0	1261
1547	0	1268
1547	0	1375
1547	0	1387
1547	0	1407
1547	0	1461
1547	1	1547
1547	0	1659
1548	1	1548
1549	0	23
1549	0	66
1549	0	279
1549	0	287
1549	0	1264
1549	0	1498
1549	1	1549
1549	0	1597
1550	1	1550
1551	1	1551
1552	0	174
1552	0	234
1552	0	274
1552	0	1030
1552	0	1126
1552	0	1136
1552	0	1214
1552	0	1243
1552	0	1302
1552	0	1440
1552	1	1552
1552	0	1593
1552	0	1680
1552	0	1697
1553	0	89
1553	0	192
1553	0	198
1553	0	1086
1553	0	1209
1553	0	1244
1553	0	1405
1553	0	1441
1553	0	1455
1553	0	1464
1553	0	1540
1553	1	1553
1553	0	1584
1553	0	1627
1553	0	1699
1554	0	34
1554	0	60
1554	0	134
1554	0	166
1554	0	187
1554	0	1004
1554	0	1037
1554	0	1118
1554	0	1131
1554	0	1146
1554	0	1153
1554	0	1172
1554	0	1205
1554	0	1233
1554	0	1237
1554	0	1250
1554	0	1332
1554	0	1421
1554	0	1434
1554	0	1445
1554	0	1520
1554	1	1554
1554	0	1618
1554	0	1623
1554	0	1681
1555	1	1555
1556	0	1046
1556	1	1556
1556	0	1646
1557	0	47
1557	0	88
1557	0	110
1557	0	112
1557	0	156
1557	0	165
1557	0	184
1557	0	234
1557	0	249
1557	0	1037
1557	0	1059
1557	0	1119
1557	0	1138
1557	0	1188
1557	0	1220
1557	0	1245
1557	0	1268
1557	0	1289
1557	0	1294
1557	0	1305
1557	0	1312
1557	0	1320
1557	0	1377
1557	0	1466
1557	0	1468
1557	0	1485
1557	0	1526
1557	0	1536
1557	1	1557
1557	0	1593
1557	0	1621
1557	0	1651
1557	0	1659
1558	0	82
1558	0	134
1558	0	169
1558	0	272
1558	0	1243
1558	0	1312
1558	0	1331
1558	0	1400
1558	0	1474
1558	1	1558
1558	0	1654
1559	1	1559
1560	0	119
1560	0	141
1560	0	199
1560	0	238
1560	0	1019
1560	0	1131
1560	0	1541
1560	1	1560
1560	0	1586
1560	0	1618
1560	0	1626
1560	0	1654
1560	0	1655
1561	0	1336
1561	1	1561
1562	1	1562
1563	1	1563
1564	1	1564
1565	0	31
1565	0	177
1565	0	187
1565	0	188
1565	0	276
1565	0	279
1565	0	292
1565	0	1082
1565	0	1205
1565	0	1237
1565	0	1250
1565	0	1275
1565	0	1308
1565	0	1365
1565	0	1396
1565	0	1475
1565	0	1494
1565	0	1535
1565	1	1565
1565	0	1612
1566	0	82
1566	0	230
1566	0	1009
1566	0	1010
1566	0	1014
1566	0	1032
1566	0	1046
1566	0	1074
1566	0	1186
1566	0	1243
1566	0	1327
1566	0	1329
1566	0	1362
1566	0	1423
1566	0	1467
1566	0	1472
1566	0	1474
1566	0	1493
1566	0	1495
1566	0	1543
1566	1	1566
1566	0	1612
1566	0	1696
1566	0	1697
1567	1	1567
1568	0	158
1568	1	1568
1569	0	89
1569	0	100
1569	0	148
1569	0	245
1569	0	1080
1569	0	1126
1569	0	1421
1569	0	1464
1569	1	1569
1569	0	1654
1570	0	1088
1570	0	1231
1570	1	1570
1571	0	29
1571	0	51
1571	0	125
1571	0	158
1571	0	167
1571	0	213
1571	0	238
1571	0	1059
1571	0	1086
1571	0	1119
1571	0	1249
1571	0	1253
1571	0	1289
1571	0	1305
1571	0	1351
1571	0	1433
1571	0	1468
1571	0	1475
1571	0	1485
1571	0	1493
1571	1	1571
1571	0	1592
1571	0	1615
1571	0	1651
1571	0	1687
1572	1	1572
1573	0	82
1573	0	1040
1573	0	1108
1573	0	1230
1573	0	1474
1573	0	1475
1573	1	1573
1574	1	1574
1575	0	1209
1575	0	1302
1575	0	1389
1575	0	1504
1575	1	1575
1575	0	1680
1575	0	1690
1576	0	230
1576	0	1253
1576	0	1492
1576	1	1576
1577	0	230
1577	0	244
1577	0	1243
1577	0	1467
1577	0	1543
1577	0	1576
1577	1	1577
1577	0	1628
1578	1	1578
1579	1	1579
1580	1	1580
1581	1	1581
1582	0	68
1582	0	74
1582	0	222
1582	0	1025
1582	0	1046
1582	0	1091
1582	0	1237
1582	0	1438
1582	0	1443
1582	1	1582
1583	0	1119
1583	0	1241
1583	0	1410
1583	1	1583
1583	0	1626
1584	0	12
1584	0	13
1584	0	1099
1584	0	1209
1584	0	1219
1584	0	1403
1584	0	1507
1584	0	1513
1584	0	1553
1584	1	1584
1585	1	1585
1586	0	60
1586	0	183
1586	0	1421
1586	0	1427
1586	0	1457
1586	0	1482
1586	0	1546
1586	1	1586
1586	0	1654
1586	0	1680
1586	0	1707
1587	1	1587
1588	0	29
1588	0	73
1588	0	89
1588	0	103
1588	0	110
1588	0	125
1588	0	255
1588	0	293
1588	0	1008
1588	0	1016
1588	0	1119
1588	0	1150
1588	0	1289
1588	0	1351
1588	1	1588
1588	0	1687
1589	0	249
1589	1	1589
1590	0	158
1590	0	192
1590	0	1086
1590	1	1590
1590	0	1612
1591	1	1591
1592	1	1592
1593	0	234
1593	0	244
1593	0	1445
1593	1	1593
1593	0	1626
1594	0	23
1594	0	89
1594	0	266
1594	0	1056
1594	0	1086
1594	0	1117
1594	0	1148
1594	0	1233
1594	0	1246
1594	0	1310
1594	0	1332
1594	0	1333
1594	0	1359
1594	0	1399
1594	1	1594
1594	0	1623
1595	1	1595
1596	1	1596
1597	1	1597
1598	0	1502
1598	1	1598
1599	0	1403
1599	1	1599
1600	1	1600
1601	0	1
1601	0	1038
1601	0	1388
1601	1	1601
1602	0	28
1602	0	1038
1602	0	1209
1602	1	1602
1603	0	271
1603	0	1153
1603	0	1365
1603	0	1445
1603	1	1603
1604	1	1604
1605	0	279
1605	0	1332
1605	1	1605
1606	1	1606
1607	1	1607
1607	0	1683
1608	0	280
1608	1	1608
1609	1	1609
1610	0	1096
1610	1	1610
1611	1	1611
1612	0	23
1612	0	57
1612	0	247
1612	0	1065
1612	0	1086
1612	0	1490
1612	0	1565
1612	0	1566
1612	0	1590
1612	1	1612
1613	0	1035
1613	1	1613
1614	1	1614
1615	0	29
1615	0	51
1615	0	60
1615	0	73
1615	0	76
1615	0	110
1615	0	125
1615	0	132
1615	0	165
1615	0	167
1615	0	213
1615	0	231
1615	0	255
1615	0	259
1615	0	265
1615	0	266
1615	0	293
1615	0	1016
1615	0	1059
1615	0	1119
1615	0	1128
1615	0	1142
1615	0	1150
1615	0	1175
1615	0	1218
1615	0	1259
1615	0	1276
1615	0	1277
1615	0	1278
1615	0	1289
1615	0	1305
1615	0	1351
1615	0	1402
1615	0	1433
1615	0	1446
1615	0	1465
1615	0	1468
1615	0	1485
1615	0	1516
1615	0	1571
1615	0	1588
1615	0	1610
1615	1	1615
1615	0	1626
1615	0	1651
1615	0	1652
1615	0	1687
1616	0	61
1616	0	162
1616	0	1072
1616	0	1526
1616	1	1616
1617	1	1617
1618	0	30
1618	0	60
1618	0	89
1618	0	91
1618	0	121
1618	0	134
1618	0	135
1618	0	141
1618	0	159
1618	0	164
1618	0	177
1618	0	184
1618	0	199
1618	0	1019
1618	0	1052
1618	0	1111
1618	0	1131
1618	0	1146
1618	0	1153
1618	0	1205
1618	0	1233
1618	0	1246
1618	0	1371
1618	0	1399
1618	0	1421
1618	0	1423
1618	0	1434
1618	0	1445
1618	0	1449
1618	0	1516
1618	0	1541
1618	0	1554
1618	0	1560
1618	0	1586
1618	1	1618
1618	0	1623
1618	0	1626
1618	0	1638
1618	0	1655
1618	0	1656
1618	0	1674
1618	0	1693
1619	0	194
1619	1	1619
1620	1	1620
1621	0	24
1621	0	47
1621	0	1022
1621	0	1161
1621	0	1202
1621	0	1321
1621	0	1375
1621	0	1461
1621	0	1547
1621	0	1557
1621	1	1621
1621	0	1649
1621	0	1659
1622	1	1622
1623	0	158
1623	0	180
1623	0	189
1623	0	1056
1623	0	1253
1623	0	1359
1623	0	1403
1623	0	1554
1623	0	1594
1623	1	1623
1623	0	1681
1624	0	4
1624	0	13
1624	0	31
1624	0	188
1624	0	1030
1624	0	1084
1624	0	1244
1624	0	1360
1624	0	1427
1624	0	1486
1624	0	1499
1624	1	1624
1624	0	1626
1624	0	1680
1624	0	1707
1625	1	1625
1626	0	38
1626	0	52
1626	0	89
1626	0	119
1626	0	150
1626	0	158
1626	0	192
1626	0	196
1626	0	213
1626	0	230
1626	0	232
1626	0	234
1626	0	238
1626	0	277
1626	0	1070
1626	0	1117
1626	0	1153
1626	0	1179
1626	0	1205
1626	0	1231
1626	0	1244
1626	0	1294
1626	0	1298
1626	0	1312
1626	0	1320
1626	0	1336
1626	0	1390
1626	0	1395
1626	0	1410
1626	0	1441
1626	0	1475
1626	0	1578
1626	0	1583
1626	0	1593
1626	0	1618
1626	0	1624
1626	1	1626
1626	0	1654
1627	0	13
1627	0	198
1627	0	1030
1627	0	1209
1627	0	1219
1627	0	1244
1627	0	1347
1627	0	1422
1627	0	1553
1627	1	1627
1627	0	1699
1627	0	1704
1628	0	1552
1628	1	1628
1629	0	72
1629	0	128
1629	0	146
1629	0	156
1629	0	170
1629	0	229
1629	0	276
1629	0	284
1629	0	1039
1629	0	1050
1629	0	1058
1629	0	1268
1629	0	1280
1629	0	1293
1629	0	1389
1629	0	1418
1629	0	1451
1629	1	1629
1629	0	1634
1629	0	1636
1629	0	1675
1630	1	1630
1631	0	250
1631	0	1369
1631	1	1631
1631	0	1707
1632	0	77
1632	0	98
1632	0	177
1632	0	227
1632	0	248
1632	0	1017
1632	0	1036
1632	0	1112
1632	0	1205
1632	0	1209
1632	0	1241
1632	0	1302
1632	0	1308
1632	0	1396
1632	0	1413
1632	0	1470
1632	0	1565
1632	1	1632
1632	0	1707
1633	1	1633
1634	1	1634
1635	1	1635
1636	0	146
1636	0	170
1636	0	1050
1636	0	1058
1636	0	1280
1636	0	1293
1636	0	1389
1636	1	1636
1636	0	1669
1637	0	238
1637	0	1021
1637	0	1075
1637	0	1107
1637	0	1298
1637	1	1637
1638	0	52
1638	0	110
1638	0	190
1638	0	199
1638	0	213
1638	0	1202
1638	0	1371
1638	0	1395
1638	0	1406
1638	0	1423
1638	0	1445
1638	0	1449
1638	0	1516
1638	0	1573
1638	1	1638
1638	0	1674
1639	0	134
1639	0	136
1639	0	169
1639	0	1280
1639	0	1284
1639	0	1290
1639	0	1468
1639	1	1639
1640	1	1640
1641	1	1641
1642	0	37
1642	0	69
1642	0	298
1642	0	1026
1642	0	1177
1642	0	1212
1642	0	1213
1642	0	1237
1642	0	1491
1642	1	1642
1642	0	1654
1643	0	52
1643	0	89
1643	0	158
1643	0	213
1643	0	1118
1643	0	1390
1643	1	1643
1644	1	1644
1645	0	134
1645	1	1645
1646	0	41
1646	0	45
1646	0	102
1646	0	163
1646	0	1013
1646	0	1046
1646	0	1102
1646	0	1213
1646	0	1251
1646	0	1366
1646	1	1646
1646	0	1653
1647	0	1312
1647	1	1647
1648	1	1648
1649	0	89
1649	0	231
1649	0	1008
1649	0	1059
1649	0	1118
1649	0	1119
1649	0	1128
1649	0	1175
1649	0	1336
1649	0	1375
1649	0	1468
1649	0	1621
1649	1	1649
1649	0	1651
1649	0	1669
1650	0	1082
1650	0	1271
1650	0	1477
1650	1	1650
1651	0	29
1651	0	51
1651	0	74
1651	0	89
1651	0	103
1651	0	111
1651	0	119
1651	0	125
1651	0	132
1651	0	146
1651	0	165
1651	0	167
1651	0	208
1651	0	231
1651	0	249
1651	0	255
1651	0	266
1651	0	293
1651	0	1021
1651	0	1035
1651	0	1043
1651	0	1059
1651	0	1072
1651	0	1095
1651	0	1119
1651	0	1128
1651	0	1142
1651	0	1147
1651	0	1150
1651	0	1162
1651	0	1202
1651	0	1203
1651	0	1216
1651	0	1220
1651	0	1245
1651	0	1254
1651	0	1277
1651	0	1289
1651	0	1295
1651	0	1305
1651	0	1349
1651	0	1351
1651	0	1377
1651	0	1387
1651	0	1424
1651	0	1425
1651	0	1446
1651	0	1454
1651	0	1468
1651	0	1485
1651	0	1506
1651	0	1526
1651	0	1557
1651	0	1588
1651	0	1593
1651	0	1615
1651	0	1621
1651	1	1651
1651	0	1652
1651	0	1687
1652	0	51
1652	0	167
1652	0	231
1652	0	265
1652	0	1119
1652	0	1128
1652	0	1142
1652	0	1175
1652	0	1615
1652	0	1651
1652	1	1652
1653	0	68
1653	0	102
1653	0	1013
1653	0	1046
1653	0	1217
1653	0	1341
1653	0	1366
1653	0	1483
1653	0	1525
1653	0	1646
1653	1	1653
1653	0	1680
1653	0	1704
1654	0	12
1654	0	15
1654	0	41
1654	0	52
1654	0	55
1654	0	77
1654	0	106
1654	0	119
1654	0	158
1654	0	177
1654	0	188
1654	0	189
1654	0	193
1654	0	213
1654	0	238
1654	0	244
1654	0	272
1654	0	283
1654	0	1009
1654	0	1080
1654	0	1091
1654	0	1113
1654	0	1127
1654	0	1131
1654	0	1205
1654	0	1237
1654	0	1243
1654	0	1244
1654	0	1246
1654	0	1255
1654	0	1284
1654	0	1298
1654	0	1312
1654	0	1320
1654	0	1336
1654	0	1366
1654	0	1382
1654	0	1390
1654	0	1409
1654	0	1410
1654	0	1441
1654	0	1445
1654	0	1475
1654	0	1506
1654	0	1536
1654	0	1558
1654	0	1560
1654	0	1583
1654	0	1586
1654	0	1593
1654	0	1601
1654	0	1618
1654	0	1626
1654	0	1628
1654	0	1642
1654	1	1654
1654	0	1660
1654	0	1681
1654	0	1699
1655	0	111
1655	0	135
1655	0	199
1655	0	1019
1655	0	1047
1655	0	1065
1655	0	1131
1655	0	1220
1655	0	1246
1655	0	1541
1655	0	1560
1655	0	1618
1655	1	1655
1655	0	1674
1656	0	1019
1656	1	1656
1656	0	1660
1657	0	166
1657	0	206
1657	0	1333
1657	1	1657
1658	0	1014
1658	0	1130
1658	0	1243
1658	0	1628
1658	1	1658
1658	0	1690
1659	0	47
1659	0	215
1659	0	1021
1659	0	1161
1659	0	1202
1659	0	1206
1659	0	1261
1659	0	1268
1659	0	1303
1659	0	1375
1659	0	1382
1659	0	1387
1659	0	1403
1659	0	1461
1659	0	1493
1659	1	1659
1660	0	206
1660	0	1333
1660	0	1554
1660	0	1654
1660	1	1660
1661	1	1661
1662	1	1662
1663	1	1663
1664	1	1664
1665	1	1665
1666	0	66
1666	0	213
1666	0	1118
1666	1	1666
1667	1	1667
1668	1	1668
1669	0	44
1669	0	65
1669	0	167
1669	0	226
1669	0	1278
1669	1	1669
1670	1	1670
1671	1	1671
1672	0	188
1672	0	1540
1672	1	1672
1672	0	1680
1672	0	1707
1673	1	1673
1674	0	199
1674	0	1618
1674	0	1655
1674	1	1674
1675	1	1675
1676	1	1676
1677	1	1677
1678	1	1678
1679	0	177
1679	0	292
1679	0	1052
1679	0	1113
1679	0	1205
1679	1	1679
1680	0	1
1680	0	31
1680	0	55
1680	0	102
1680	0	152
1680	0	174
1680	0	188
1680	0	191
1680	0	207
1680	0	274
1680	0	1112
1680	0	1113
1680	0	1121
1680	0	1122
1680	0	1126
1680	0	1136
1680	0	1182
1680	0	1183
1680	0	1217
1680	0	1396
1680	0	1482
1680	0	1483
1680	0	1552
1680	0	1575
1680	0	1624
1680	0	1653
1680	1	1680
1680	0	1699
1680	0	1704
1680	0	1707
1681	0	34
1681	0	89
1681	0	140
1681	0	149
1681	0	166
1681	0	177
1681	0	187
1681	0	189
1681	0	206
1681	0	279
1681	0	1004
1681	0	1118
1681	0	1124
1681	0	1127
1681	0	1172
1681	0	1196
1681	0	1205
1681	0	1215
1681	0	1250
1681	0	1255
1681	0	1264
1681	0	1317
1681	0	1332
1681	0	1333
1681	0	1427
1681	0	1475
1681	0	1498
1681	0	1520
1681	0	1554
1681	0	1561
1681	0	1623
1681	0	1657
1681	0	1660
1681	1	1681
1681	0	1691
1682	0	1215
1682	0	1486
1682	1	1682
1683	0	106
1683	0	126
1683	0	1038
1683	0	1084
1683	0	1167
1683	0	1182
1683	0	1235
1683	0	1421
1683	0	1601
1683	1	1683
1684	1	1684
1685	1	1685
1686	1	1686
1687	0	73
1687	0	125
1687	0	167
1687	0	231
1687	0	293
1687	0	1059
1687	0	1150
1687	0	1175
1687	0	1289
1687	0	1312
1687	0	1462
1687	0	1465
1687	0	1485
1687	0	1493
1687	0	1588
1687	0	1615
1687	1	1687
1688	1	1688
1689	1	1689
1690	0	27
1690	0	55
1690	0	67
1690	0	94
1690	0	104
1690	0	192
1690	0	230
1690	0	244
1690	0	250
1690	0	1014
1690	0	1041
1690	0	1064
1690	0	1135
1690	0	1136
1690	0	1183
1690	0	1185
1690	0	1234
1690	0	1243
1690	0	1285
1690	0	1310
1690	0	1344
1690	0	1401
1690	0	1467
1690	0	1492
1690	0	1512
1690	0	1543
1690	0	1552
1690	0	1575
1690	0	1576
1690	0	1628
1690	0	1658
1690	1	1690
1690	0	1697
1691	0	166
1691	0	1520
1691	0	1681
1691	1	1691
1692	1	1692
1693	0	30
1693	0	164
1693	0	206
1693	0	1127
1693	0	1131
1693	0	1185
1693	0	1264
1693	0	1359
1693	0	1618
1693	1	1693
1694	0	1419
1694	1	1694
1695	1	1695
1696	1	1696
1697	0	55
1697	0	244
1697	0	1037
1697	0	1041
1697	0	1136
1697	0	1243
1697	0	1285
1697	0	1467
1697	0	1552
1697	0	1690
1697	1	1697
1698	1	1698
1699	0	13
1699	0	89
1699	0	100
1699	0	104
1699	0	152
1699	0	172
1699	0	198
1699	0	1086
1699	0	1121
1699	0	1126
1699	0	1209
1699	0	1347
1699	0	1405
1699	0	1441
1699	0	1553
1699	0	1627
1699	1	1699
1700	0	74
1700	0	89
1700	0	213
1700	0	1037
1700	0	1209
1700	0	1310
1700	0	1320
1700	1	1700
1701	0	1
1701	1	1701
1702	1	1702
1703	0	111
1703	1	1703
1704	0	13
1704	0	138
1704	0	198
1704	0	1030
1704	0	1113
1704	0	1209
1704	0	1235
1704	0	1244
1704	0	1308
1704	0	1347
1704	0	1388
1704	0	1405
1704	0	1653
1704	0	1680
1704	1	1704
1705	0	1022
1705	1	1705
1706	0	290
1706	1	1706
1707	0	5
1707	0	13
1707	0	77
1707	0	98
1707	0	113
1707	0	177
1707	0	188
1707	0	227
1707	0	235
1707	0	248
1707	0	294
1707	0	1017
1707	0	1036
1707	0	1112
1707	0	1135
1707	0	1173
1707	0	1205
1707	0	1222
1707	0	1241
1707	0	1298
1707	0	1302
1707	0	1308
1707	0	1373
1707	0	1396
1707	0	1408
1707	0	1413
1707	0	1419
1707	0	1427
1707	0	1435
1707	0	1470
1707	0	1565
1707	0	1586
1707	0	1624
1707	0	1631
1707	0	1632
1707	0	1672
1707	0	1679
1707	0	1680
1707	0	1683
1707	0	1694
1707	1	1707
