0	1	0
0	0	308
0	0	342
1	1	1
1	0	16
1	0	57
1	0	74
1	0	76
1	0	118
1	0	125
1	0	167
1	0	230
1	0	235
1	0	271
1	0	312
1	0	321
1	0	334
1	0	388
1	0	415
1	0	464
1	0	515
1	0	531
1	0	585
1	0	627
1	0	628
1	0	699
1	0	748
1	0	786
1	0	789
1	0	811
1	0	867
1	0	955
1	0	968
1	0	976
2	1	2
3	1	3
3	0	158
3	0	213
3	0	303
3	0	440
3	0	770
4	1	4
4	0	106
4	0	174
4	0	245
4	0	490
4	0	505
4	0	552
4	0	606
4	0	669
5	1	5
6	1	6
7	1	7
8	1	8
9	1	9
9	0	380
10	1	10
10	0	618
10	0	632
10	0	661
11	1	11
11	0	405
11	0	679
12	1	12
12	0	238
12	0	515
12	0	531
12	0	718
12	0	737
12	0	742
12	0	836
13	1	13
13	0	172
13	0	198
13	0	364
13	0	380
13	0	409
13	0	505
13	0	643
13	0	656
13	0	701
13	0	718
13	0	723
13	0	782
13	0	795
13	0	827
13	0	920
13	0	923
13	0	1000
14	1	14
14	0	283
14	0	369
14	0	405
14	0	421
14	0	583
14	0	679
14	0	730
15	1	15
15	0	18
15	0	501
15	0	540
15	0	594
15	0	612
15	0	715
15	0	717
15	0	776
16	0	1
16	1	16
16	0	164
16	0	266
16	0	427
16	0	699
16	0	789
16	0	856
16	0	914
17	1	17
18	1	18
18	0	126
19	1	19
20	1	20
21	1	21
22	1	22
23	1	23
23	0	30
23	0	135
23	0	141
23	0	159
23	0	266
23	0	359
23	0	492
23	0	529
23	0	546
23	0	560
23	0	628
23	0	629
23	0	630
23	0	646
23	0	657
23	0	890
24	1	24
24	0	47
24	0	215
24	0	318
24	0	320
24	0	385
24	0	457
24	0	498
24	0	671
25	1	25
25	0	39
25	0	378
26	1	26
27	1	27
28	1	28
28	0	47
29	1	29
29	0	134
29	0	184
29	0	312
29	0	355
29	0	647
29	0	742
29	0	761
29	0	764
29	0	867
29	0	911
29	0	935
30	0	23
30	1	30
30	0	164
30	0	427
30	0	490
30	0	568
30	0	657
30	0	715
30	0	837
30	0	914
30	0	950
30	0	989
31	0	18
31	1	31
31	0	126
31	0	142
31	0	169
31	0	183
31	0	184
31	0	188
31	0	196
31	0	235
31	0	248
31	0	364
31	0	379
31	0	380
31	0	417
31	0	427
31	0	431
31	0	432
31	0	501
31	0	568
31	0	571
31	0	668
31	0	686
31	0	692
31	0	699
31	0	738
31	0	753
31	0	776
31	0	790
31	0	842
31	0	861
31	0	890
31	0	914
31	0	976
31	0	1003
32	1	32
33	1	33
33	0	134
33	0	580
33	0	854
33	0	872
33	0	996
34	1	34
34	0	850
34	0	950
34	0	977
35	1	35
36	1	36
37	1	37
37	0	89
37	0	158
37	0	333
37	0	459
37	0	533
37	0	637
37	0	831
38	1	38
39	1	39
39	0	146
39	0	158
39	0	186
39	0	192
39	0	197
39	0	238
39	0	271
39	0	414
39	0	449
39	0	487
39	0	501
39	0	567
39	0	571
39	0	595
39	0	661
39	0	695
39	0	711
39	0	801
39	0	889
39	0	899
40	1	40
40	0	498
40	0	564
40	0	703
40	0	722
41	1	41
41	0	401
41	0	459
41	0	547
41	0	705
42	1	42
43	1	43
44	1	44
45	1	45
46	1	46
47	0	24
47	0	28
47	1	47
47	0	215
47	0	318
47	0	457
47	0	498
47	0	557
47	0	564
47	0	579
47	0	668
47	0	671
47	0	683
47	0	703
47	0	717
47	0	955
48	1	48
49	1	49
50	1	50
51	0	1
51	0	29
51	0	44
51	1	51
51	0	65
51	0	76
51	0	125
51	0	165
51	0	167
51	0	200
51	0	231
51	0	312
51	0	355
51	0	471
51	0	764
51	0	789
51	0	867
51	0	911
52	1	52
52	0	60
52	0	119
52	0	189
52	0	192
52	0	232
52	0	289
52	0	310
52	0	376
52	0	534
52	0	539
52	0	541
52	0	568
52	0	612
52	0	632
52	0	775
52	0	922
52	0	977
53	1	53
54	1	54
55	1	55
55	0	192
55	0	328
55	0	422
55	0	481
55	0	640
55	0	691
55	0	748
55	0	986
56	1	56
57	1	57
57	0	119
57	0	576
57	0	584
57	0	768
57	0	908
58	1	58
58	0	242
58	0	422
58	0	686
59	1	59
59	0	186
59	0	567
60	1	60
60	0	121
60	0	158
60	0	180
60	0	192
60	0	232
60	0	271
60	0	305
60	0	333
60	0	342
60	0	355
60	0	382
60	0	387
60	0	392
60	0	427
60	0	442
60	0	449
60	0	516
60	0	521
60	0	533
60	0	590
60	0	601
60	0	661
60	0	673
60	0	691
60	0	699
60	0	711
60	0	715
60	0	717
60	0	741
60	0	801
60	0	842
60	0	853
60	0	899
60	0	914
60	0	925
60	0	990
61	1	61
61	0	158
61	0	368
61	0	484
61	0	512
61	0	541
61	0	550
61	0	645
61	0	799
61	0	853
62	1	62
63	1	63
63	0	321
63	0	533
64	1	64
64	0	74
64	0	82
64	0	119
64	0	134
64	0	190
64	0	192
64	0	219
64	0	252
64	0	279
64	0	325
64	0	333
64	0	448
64	0	449
64	0	501
64	0	529
64	0	628
64	0	686
64	0	741
64	0	770
64	0	771
64	0	775
64	0	783
64	0	849
64	0	850
64	0	914
64	0	919
64	0	922
64	0	926
64	0	947
65	0	1
65	0	44
65	0	51
65	1	65
65	0	226
65	0	781
65	0	789
66	1	66
66	0	164
66	0	189
66	0	206
66	0	343
66	0	560
66	0	655
66	0	706
66	0	845
66	0	962
67	1	67
68	1	68
69	1	69
70	1	70
71	1	71
71	0	134
71	0	158
71	0	213
71	0	580
72	0	40
72	1	72
72	0	457
72	0	498
73	1	73
74	0	1
74	0	5
74	0	52
74	0	64
74	1	74
74	0	90
74	0	106
74	0	119
74	0	126
74	0	134
74	0	188
74	0	189
74	0	190
74	0	219
74	0	222
74	0	228
74	0	333
74	0	461
74	0	498
74	0	534
74	0	549
74	0	606
74	0	608
74	0	616
74	0	632
74	0	669
74	0	686
74	0	748
74	0	771
74	0	832
74	0	849
74	0	878
74	0	922
74	0	944
74	0	947
74	0	996
75	1	75
75	0	184
76	0	1
76	1	76
76	0	167
76	0	231
76	0	259
76	0	293
76	0	438
76	0	555
76	0	574
76	0	884
76	0	911
77	1	77
77	0	501
77	0	505
77	0	537
77	0	861
78	1	78
79	1	79
80	1	80
81	1	81
81	0	627
81	0	770
81	0	869
82	0	64
82	1	82
82	0	783
82	0	862
82	0	900
82	0	992
83	1	83
83	0	342
83	0	938
84	1	84
85	1	85
85	0	151
85	0	442
85	0	661
85	0	702
86	1	86
87	1	87
88	1	88
89	0	31
89	0	37
89	0	39
89	1	89
89	0	106
89	0	123
89	0	141
89	0	159
89	0	166
89	0	188
89	0	198
89	0	199
89	0	215
89	0	219
89	0	222
89	0	232
89	0	235
89	0	247
89	0	279
89	0	359
89	0	387
89	0	415
89	0	427
89	0	432
89	0	505
89	0	525
89	0	530
89	0	540
89	0	550
89	0	560
89	0	568
89	0	612
89	0	630
89	0	643
89	0	646
89	0	649
89	0	659
89	0	691
89	0	701
89	0	711
89	0	741
89	0	745
89	0	748
89	0	760
89	0	790
89	0	797
89	0	801
89	0	843
89	0	849
89	0	850
89	0	861
89	0	864
89	0	911
89	0	914
89	0	919
89	0	926
89	0	934
89	0	939
89	0	977
89	0	986
89	0	1000
90	1	90
90	0	119
90	0	165
90	0	414
90	0	415
90	0	513
90	0	849
91	1	91
91	0	206
91	0	427
91	0	657
91	0	846
91	0	952
92	1	92
93	1	93
94	1	94
94	0	192
94	0	872
94	0	986
95	1	95
95	0	298
95	0	419
95	0	508
95	0	633
95	0	637
95	0	831
96	1	96
97	1	97
97	0	106
97	0	116
97	0	133
97	0	267
97	0	277
97	0	290
97	0	428
97	0	453
97	0	591
97	0	706
97	0	712
98	1	98
99	1	99
100	1	100
100	0	126
100	0	148
100	0	245
100	0	376
100	0	422
100	0	456
100	0	596
100	0	723
100	0	778
100	0	865
101	1	101
101	0	124
101	0	153
101	0	323
101	0	476
101	0	509
101	0	523
101	0	533
101	0	547
101	0	938
102	1	102
102	0	105
102	0	163
102	0	205
102	0	302
102	0	422
102	0	513
102	0	611
102	0	779
102	0	831
102	0	949
102	0	1000
103	0	29
103	1	103
103	0	293
103	0	312
103	0	355
103	0	415
103	0	647
103	0	764
103	0	858
104	1	104
104	0	219
104	0	417
104	0	581
104	0	773
104	0	946
105	0	0
105	1	105
105	0	138
105	0	184
105	0	228
105	0	308
105	0	633
105	0	701
105	0	739
105	0	779
105	0	787
105	0	827
105	0	1000
106	0	4
106	0	28
106	0	74
106	0	97
106	1	106
106	0	117
106	0	126
106	0	191
106	0	200
106	0	235
106	0	319
106	0	334
106	0	380
106	0	392
106	0	439
106	0	463
106	0	536
106	0	552
106	0	642
106	0	651
106	0	663
106	0	669
106	0	686
106	0	712
106	0	717
106	0	736
106	0	809
106	0	897
106	0	979
106	0	984
107	1	107
108	1	108
109	1	109
110	1	110
110	0	361
110	0	585
110	0	601
111	0	39
111	1	111
111	0	266
111	0	391
111	0	465
111	0	516
111	0	606
111	0	630
111	0	673
111	0	845
112	1	112
112	0	534
112	0	541
113	1	113
113	0	158
113	0	274
113	0	521
114	1	114
115	1	115
115	0	271
115	0	768
116	1	116
116	0	267
117	0	28
117	0	106
117	1	117
117	0	334
117	0	531
117	0	715
117	0	731
118	0	1
118	1	118
118	0	699
118	0	811
119	0	52
119	0	64
119	0	74
119	0	90
119	1	119
119	0	134
119	0	140
119	0	156
119	0	189
119	0	190
119	0	197
119	0	200
119	0	213
119	0	225
119	0	232
119	0	290
119	0	291
119	0	333
119	0	355
119	0	387
119	0	432
119	0	453
119	0	501
119	0	529
119	0	541
119	0	568
119	0	608
119	0	717
119	0	738
119	0	742
119	0	751
119	0	771
119	0	782
119	0	833
119	0	849
119	0	853
119	0	914
119	0	922
119	0	926
120	1	120
121	0	60
121	1	121
121	0	135
121	0	427
121	0	692
121	0	717
121	0	856
121	0	865
121	0	914
121	0	923
122	1	122
123	1	123
124	1	124
124	0	153
124	0	323
124	0	336
124	0	476
124	0	509
124	0	523
124	0	533
124	0	621
124	0	938
125	0	1
125	0	51
125	1	125
125	0	165
125	0	167
125	0	231
125	0	293
125	0	355
125	0	415
125	0	572
125	0	585
125	0	647
125	0	758
125	0	789
125	0	884
126	0	18
126	0	31
126	0	100
126	0	106
126	1	126
126	0	148
126	0	188
126	0	245
126	0	280
126	0	292
126	0	376
126	0	422
126	0	568
126	0	594
126	0	606
126	0	695
126	0	715
126	0	717
126	0	723
126	0	731
126	0	753
126	0	776
126	0	842
126	0	865
126	0	903
126	0	906
127	1	127
128	1	128
129	1	129
130	1	130
131	1	131
131	0	841
131	0	878
132	1	132
132	0	415
132	0	585
132	0	601
132	0	764
133	1	133
133	0	150
133	0	290
133	0	453
133	0	514
133	0	591
133	0	762
134	0	3
134	0	29
134	0	33
134	0	64
134	0	71
134	0	74
134	0	81
134	0	119
134	1	134
134	0	158
134	0	175
134	0	196
134	0	213
134	0	247
134	0	266
134	0	291
134	0	370
134	0	404
134	0	448
134	0	461
134	0	468
134	0	539
134	0	580
134	0	627
134	0	691
134	0	702
134	0	719
134	0	741
134	0	748
134	0	771
134	0	811
134	0	869
134	0	921
134	0	935
134	0	941
135	1	135
135	0	158
135	0	164
135	0	199
135	0	427
135	0	628
135	0	856
135	0	914
136	1	136
136	0	305
136	0	442
136	0	768
136	0	770
137	1	137
138	0	101
138	0	124
138	1	138
138	0	153
138	0	173
138	0	205
138	0	322
138	0	323
138	0	476
138	0	486
138	0	509
138	0	523
138	0	533
138	0	827
138	0	938
138	0	1000
139	1	139
140	1	140
140	0	187
140	0	279
140	0	613
140	0	717
140	0	850
140	0	869
140	0	977
141	0	23
141	0	91
141	1	141
141	0	158
141	0	199
141	0	206
141	0	266
141	0	273
141	0	301
141	0	343
141	0	427
141	0	468
141	0	629
141	0	646
141	0	837
141	0	856
141	0	914
141	0	951
141	0	952
141	0	970
141	0	977
141	0	989
142	0	31
142	0	133
142	1	142
142	0	158
142	0	579
142	0	795
142	0	871
143	0	7
143	1	143
143	0	174
144	1	144
145	1	145
145	0	325
146	0	26
146	0	39
146	1	146
146	0	156
146	0	158
146	0	170
146	0	195
146	0	213
146	0	229
146	0	256
146	0	271
146	0	276
146	0	284
146	0	307
146	0	346
146	0	415
146	0	453
146	0	576
146	0	589
146	0	606
146	0	685
146	0	714
146	0	889
146	0	925
146	0	926
146	0	930
146	0	932
146	0	971
147	1	147
148	0	77
148	1	148
148	0	238
148	0	274
148	0	598
148	0	699
148	0	715
148	0	865
149	0	146
149	1	149
149	0	414
150	1	150
150	0	252
150	0	277
150	0	289
150	0	565
151	0	85
151	1	151
151	0	442
152	1	152
152	0	228
152	0	482
152	0	976
153	1	153
154	1	154
155	1	155
156	0	146
156	1	156
156	0	192
156	0	247
156	0	333
156	0	355
156	0	501
156	0	516
156	0	541
156	0	576
156	0	585
156	0	589
156	0	606
156	0	685
156	0	691
156	0	717
156	0	730
156	0	739
156	0	774
156	0	914
157	0	57
157	1	157
157	0	175
157	0	248
157	0	291
157	0	715
157	0	864
157	0	996
158	0	7
158	0	31
158	0	37
158	0	39
158	0	55
158	0	60
158	0	61
158	0	71
158	0	134
158	0	135
158	0	141
158	0	142
158	0	146
158	1	158
158	0	187
158	0	199
158	0	208
158	0	213
158	0	229
158	0	250
158	0	273
158	0	277
158	0	305
158	0	306
158	0	315
158	0	323
158	0	333
158	0	355
158	0	397
158	0	405
158	0	415
158	0	427
158	0	432
158	0	449
158	0	499
158	0	501
158	0	516
158	0	530
158	0	543
158	0	564
158	0	568
158	0	589
158	0	590
158	0	606
158	0	611
158	0	628
158	0	637
158	0	659
158	0	668
158	0	679
158	0	686
158	0	691
158	0	694
158	0	702
158	0	711
158	0	712
158	0	719
158	0	723
158	0	730
158	0	738
158	0	741
158	0	775
158	0	786
158	0	797
158	0	808
158	0	843
158	0	850
158	0	864
158	0	865
158	0	890
158	0	911
158	0	914
158	0	919
158	0	922
158	0	934
158	0	939
158	0	950
158	0	977
158	0	986
159	0	23
159	0	86
159	0	89
159	1	159
159	0	201
159	0	359
159	0	525
159	0	529
159	0	560
159	0	590
159	0	628
159	0	629
159	0	630
159	0	684
159	0	686
159	0	845
159	0	850
159	0	947
160	1	160
160	0	192
160	0	585
160	0	691
160	0	862
160	0	889
161	1	161
162	1	162
163	0	102
163	1	163
163	0	173
163	0	419
163	0	547
163	0	637
163	0	648
163	0	787
163	0	878
164	0	16
164	0	30
164	0	66
164	0	91
164	0	135
164	0	141
164	1	164
164	0	199
164	0	206
164	0	266
164	0	301
164	0	315
164	0	343
164	0	400
164	0	427
164	0	542
164	0	646
164	0	682
164	0	837
164	0	856
164	0	857
164	0	914
164	0	947
164	0	951
164	0	952
164	0	970
164	0	989
165	0	29
165	0	51
165	0	90
165	0	125
165	1	165
165	0	167
165	0	184
165	0	355
165	0	415
165	0	499
165	0	514
165	0	516
165	0	572
165	0	585
165	0	601
165	0	742
165	0	761
165	0	764
165	0	867
165	0	911
166	0	158
166	1	166
166	0	468
166	0	546
166	0	606
166	0	629
166	0	717
166	0	816
166	0	850
166	0	861
166	0	953
166	0	977
166	0	987
167	0	1
167	0	29
167	0	51
167	0	76
167	0	125
167	0	132
167	0	165
167	1	167
167	0	231
167	0	259
167	0	304
167	0	312
167	0	323
167	0	346
167	0	355
167	0	361
167	0	368
167	0	415
167	0	438
167	0	471
167	0	556
167	0	574
167	0	585
167	0	606
167	0	742
167	0	761
167	0	764
167	0	789
167	0	867
167	0	884
167	0	911
167	0	947
167	0	965
167	0	983
168	1	168
169	1	169
169	0	263
169	0	696
169	0	950
170	0	146
170	1	170
170	0	346
170	0	589
170	0	932
171	1	171
172	0	13
172	1	172
172	0	198
172	0	505
172	0	540
172	0	656
172	0	923
173	0	101
173	0	124
173	0	138
173	1	173
173	0	509
173	0	523
173	0	533
173	0	831
174	0	4
174	0	100
174	0	143
174	1	174
174	0	245
174	0	274
174	0	422
174	0	441
174	0	445
174	0	581
174	0	649
174	0	669
174	0	736
174	0	848
174	0	1000
174	0	1003
175	0	67
175	0	134
175	1	175
175	0	244
175	0	328
175	0	481
175	0	580
175	0	587
175	0	640
175	0	691
175	0	763
175	0	768
175	0	835
175	0	854
175	0	994
176	1	176
177	1	177
178	1	178
178	0	886
179	1	179
179	0	214
179	0	216
179	0	726
179	0	828
179	0	957
180	1	180
180	0	919
181	1	181
182	1	182
183	0	100
183	0	174
183	1	183
183	0	245
183	0	392
183	0	406
183	0	422
183	0	598
183	0	606
183	0	649
183	0	709
183	0	723
183	0	778
183	0	882
184	0	29
184	0	105
184	0	165
184	1	184
184	0	230
184	0	235
184	0	352
184	0	414
184	0	457
184	0	553
184	0	613
184	0	616
184	0	761
184	0	829
184	0	832
184	0	849
184	0	914
185	1	185
185	0	266
185	0	721
186	0	39
186	0	111
186	1	186
186	0	253
186	0	449
186	0	465
186	0	661
186	0	694
186	0	699
186	0	801
187	0	140
187	0	158
187	0	166
187	1	187
187	0	420
187	0	430
187	0	568
187	0	629
187	0	977
188	0	5
188	0	31
188	0	113
188	0	126
188	1	188
188	0	200
188	0	213
188	0	235
188	0	248
188	0	279
188	0	280
188	0	364
188	0	409
188	0	469
188	0	505
188	0	594
188	0	628
188	0	651
188	0	715
188	0	717
188	0	883
188	0	903
188	0	968
188	0	1003
189	1	189
189	0	192
189	0	273
189	0	352
189	0	372
189	0	470
189	0	628
189	0	655
189	0	890
189	0	919
190	0	64
190	0	74
190	0	119
190	0	189
190	1	190
190	0	333
190	0	414
190	0	748
190	0	751
190	0	926
190	0	947
191	0	28
191	1	191
191	0	334
191	0	380
191	0	531
192	0	39
192	0	52
192	0	55
192	0	64
192	0	94
192	0	119
192	0	126
192	0	156
192	0	158
192	0	189
192	1	192
192	0	289
192	0	415
192	0	453
192	0	499
192	0	539
192	0	545
192	0	549
192	0	556
192	0	608
192	0	616
192	0	628
192	0	632
192	0	699
192	0	713
192	0	775
192	0	783
192	0	829
192	0	856
192	0	889
192	0	909
192	0	922
192	0	962
192	0	986
193	1	193
193	0	305
194	1	194
195	0	119
195	0	146
195	1	195
195	0	428
195	0	849
195	0	872
196	0	31
196	0	134
196	1	196
196	0	629
196	0	701
196	0	922
197	1	197
197	0	487
197	0	567
198	0	13
198	0	172
198	1	198
198	0	505
198	0	540
198	0	643
198	0	701
198	0	923
198	0	995
198	0	1000
199	0	16
199	0	30
199	0	89
199	0	135
199	0	141
199	0	158
199	0	164
199	1	199
199	0	266
199	0	301
199	0	315
199	0	343
199	0	427
199	0	542
199	0	549
199	0	646
199	0	695
199	0	837
199	0	856
199	0	914
199	0	950
199	0	951
199	0	952
199	0	970
199	0	989
200	1	200
201	1	201
202	1	202
203	1	203
204	1	204
204	0	996
205	1	205
206	0	34
206	0	66
206	0	91
206	0	135
206	0	141
206	0	164
206	0	166
206	0	187
206	1	206
206	0	240
206	0	300
206	0	420
206	0	423
206	0	427
206	0	468
206	0	492
206	0	546
206	0	551
206	0	557
206	0	629
206	0	794
206	0	816
206	0	846
206	0	850
206	0	952
206	0	953
206	0	956
206	0	977
206	0	987
207	1	207
207	0	235
208	1	208
209	1	209
210	1	210
211	1	211
212	1	212
213	0	3
213	0	39
213	0	71
213	0	141
213	0	146
213	0	158
213	0	159
213	0	188
213	1	213
213	0	219
213	0	222
213	0	254
213	0	271
213	0	304
213	0	333
213	0	370
213	0	415
213	0	427
213	0	501
213	0	514
213	0	529
213	0	543
213	0	568
213	0	576
213	0	589
213	0	628
213	0	683
213	0	686
213	0	711
213	0	719
213	0	730
213	0	737
213	0	741
213	0	742
213	0	764
213	0	775
213	0	834
213	0	843
213	0	851
213	0	864
213	0	911
213	0	914
213	0	919
213	0	922
213	0	934
213	0	939
213	0	950
213	0	986
214	1	214
215	1	215
215	0	320
215	0	498
216	1	216
217	1	217
218	1	218
219	0	64
219	0	74
219	0	89
219	0	158
219	0	195
219	1	219
219	0	277
219	0	333
219	0	363
219	0	414
219	0	449
219	0	481
219	0	482
219	0	606
219	0	691
219	0	748
219	0	763
219	0	768
220	1	220
221	1	221
222	1	222
222	0	321
222	0	662
222	0	878
223	1	223
224	1	224
225	1	225
226	0	44
226	0	65
226	1	226
226	0	965
227	1	227
227	0	501
227	0	568
227	0	604
227	0	692
228	0	152
228	1	228
228	0	305
228	0	342
228	0	468
228	0	482
228	0	567
228	0	606
228	0	627
228	0	741
228	0	768
228	0	789
228	0	900
229	0	146
229	0	158
229	1	229
230	0	1
230	0	27
230	1	230
230	0	244
230	0	310
230	0	337
230	0	349
230	0	363
230	0	501
230	0	539
230	0	623
230	0	697
230	0	737
230	0	748
230	0	835
230	0	839
230	0	872
230	0	924
230	0	954
230	0	986
231	0	125
231	0	167
231	1	231
231	0	239
231	0	259
231	0	574
231	0	911
231	0	947
232	0	52
232	1	232
232	0	449
232	0	606
232	0	691
232	0	768
232	0	834
233	1	233
234	1	234
235	0	1
235	0	89
235	0	184
235	0	188
235	0	207
235	1	235
235	0	358
235	0	382
235	0	505
235	0	536
235	0	669
235	0	976
235	0	1003
236	1	236
237	1	237
238	0	12
238	0	39
238	0	148
238	0	213
238	1	238
238	0	323
238	0	501
238	0	505
238	0	595
238	0	608
238	0	705
238	0	856
238	0	922
238	0	950
239	1	239
240	0	140
240	1	240
240	0	420
240	0	468
241	1	241
241	0	768
242	1	242
242	0	456
243	1	243
244	0	230
244	1	244
244	0	328
244	0	539
244	0	586
244	0	623
244	0	763
244	0	829
244	0	993
245	0	4
245	0	100
245	0	126
245	0	174
245	1	245
245	0	376
245	0	422
245	0	456
245	0	717
245	0	723
246	1	246
247	0	5
247	0	48
247	0	89
247	0	134
247	0	156
247	1	247
247	0	328
247	0	363
247	0	449
247	0	461
247	0	491
247	0	501
247	0	505
247	0	549
247	0	580
247	0	585
247	0	590
247	0	594
247	0	606
247	0	686
247	0	691
247	0	717
247	0	761
247	0	834
247	0	914
247	0	922
248	0	5
248	0	31
248	0	157
248	0	188
248	1	248
248	0	408
248	0	432
248	0	505
248	0	568
248	0	669
248	0	692
248	0	715
248	0	861
248	0	920
248	0	968
249	1	249
249	0	331
249	0	442
249	0	661
249	0	885
250	0	158
250	1	250
250	0	481
250	0	505
250	0	632
251	1	251
252	0	150
252	0	190
252	1	252
252	0	289
252	0	565
252	0	751
252	0	922
253	1	253
254	1	254
255	0	111
255	0	185
255	1	255
255	0	266
255	0	293
255	0	312
255	0	355
255	0	415
255	0	471
255	0	477
255	0	514
255	0	516
255	0	601
255	0	647
255	0	742
255	0	884
256	1	256
256	0	420
257	1	257
258	1	258
259	0	76
259	0	167
259	0	231
259	1	259
259	0	355
259	0	415
259	0	574
259	0	789
259	0	911
260	1	260
261	1	261
262	1	262
263	1	263
263	0	328
263	0	453
263	0	468
263	0	580
263	0	691
263	0	748
264	1	264
265	1	265
266	0	23
266	0	111
266	0	134
266	0	141
266	0	164
266	0	185
266	0	255
266	1	266
266	0	391
266	0	477
266	0	516
266	0	525
266	0	529
266	0	560
266	0	585
266	0	628
266	0	629
266	0	647
266	0	657
266	0	661
266	0	673
266	0	699
266	0	789
266	0	802
266	0	837
266	0	868
266	0	890
266	0	935
266	0	943
266	0	947
266	0	950
266	0	970
266	0	987
267	0	97
267	0	116
267	1	267
267	0	290
267	0	453
267	0	591
267	0	632
267	0	712
268	1	268
269	1	269
269	0	703
270	1	270
271	0	1
271	0	39
271	0	64
271	0	115
271	0	158
271	0	213
271	1	271
271	0	449
271	0	594
271	0	686
271	0	699
271	0	711
271	0	753
271	0	899
271	0	909
272	1	272
272	0	950
273	0	166
273	1	273
273	0	629
273	0	816
273	0	850
274	0	113
274	0	121
274	0	148
274	0	174
274	1	274
274	0	326
274	0	736
274	0	848
275	1	275
276	0	146
276	1	276
276	0	699
276	0	714
277	0	119
277	0	150
277	0	158
277	0	219
277	1	277
277	0	448
277	0	797
277	0	939
278	1	278
279	0	23
279	0	31
279	0	34
279	0	64
279	0	91
279	0	140
279	0	141
279	0	159
279	0	166
279	0	187
279	0	188
279	0	240
279	1	279
279	0	359
279	0	361
279	0	407
279	0	420
279	0	421
279	0	423
279	0	448
279	0	468
279	0	501
279	0	525
279	0	527
279	0	529
279	0	546
279	0	560
279	0	565
279	0	584
279	0	628
279	0	630
279	0	646
279	0	655
279	0	657
279	0	686
279	0	717
279	0	730
279	0	816
279	0	845
279	0	850
279	0	889
279	0	914
279	0	919
279	0	953
279	0	989
280	0	126
280	0	188
280	1	280
280	0	490
280	0	496
280	0	568
280	0	730
280	0	837
281	1	281
282	0	158
282	1	282
283	1	283
283	0	405
283	0	730
284	1	284
285	1	285
286	1	286
287	1	287
288	1	288
289	0	52
289	0	55
289	0	150
289	0	158
289	0	192
289	0	213
289	0	277
289	1	289
289	0	304
289	0	415
289	0	565
289	0	588
289	0	613
289	0	628
289	0	686
289	0	764
290	0	97
290	0	116
290	0	133
290	0	267
290	0	277
290	1	290
290	0	400
290	0	428
290	0	453
290	0	608
290	0	712
290	0	1002
291	0	134
291	0	200
291	1	291
291	0	501
291	0	580
291	0	717
291	0	768
291	0	856
292	0	31
292	1	292
292	0	568
292	0	604
292	0	723
293	0	125
293	0	255
293	1	293
293	0	312
293	0	415
293	0	585
293	0	647
293	0	816
293	0	867
293	0	884
294	1	294
295	1	295
296	1	296
297	1	297
298	0	95
298	1	298
298	0	322
298	0	387
298	0	633
299	1	299
300	0	187
300	1	300
300	0	427
300	0	492
300	0	629
300	0	794
300	0	977
301	1	301
302	1	302
302	0	342
302	0	367
302	0	662
302	0	779
302	0	831
302	0	949
303	1	303
303	0	316
304	0	52
304	0	119
304	0	289
304	1	304
304	0	355
304	0	415
304	0	858
304	0	911
305	0	136
305	0	228
305	0	271
305	1	305
305	0	373
305	0	522
305	0	658
305	0	659
305	0	702
305	0	719
305	0	741
305	0	748
305	0	783
306	0	158
306	1	306
307	0	90
307	1	307
307	0	346
307	0	417
307	0	747
307	0	925
308	0	0
308	0	96
308	1	308
309	0	102
309	1	309
309	0	342
309	0	476
310	0	52
310	0	195
310	0	268
310	1	310
310	0	539
310	0	924
311	1	311
312	0	1
312	0	29
312	0	103
312	0	255
312	0	293
312	1	312
312	0	415
312	0	471
312	0	556
312	0	764
312	0	884
312	0	911
312	0	983
313	1	313
314	1	314
315	0	30
315	0	135
315	0	141
315	0	158
315	0	164
315	0	199
315	0	301
315	1	315
315	0	343
315	0	427
315	0	542
315	0	646
315	0	837
315	0	856
315	0	914
315	0	951
315	0	970
315	0	989
316	0	303
316	1	316
316	0	691
317	0	70
317	1	317
317	0	331
317	0	564
317	0	594
317	0	678
317	0	683
317	0	917
318	0	47
318	0	215
318	1	318
318	0	422
318	0	457
318	0	498
318	0	557
318	0	683
318	0	955
319	1	319
319	0	336
320	0	24
320	0	47
320	0	215
320	0	317
320	1	320
320	0	457
320	0	498
320	0	557
320	0	564
320	0	617
320	0	678
320	0	683
320	0	703
320	0	843
320	0	955
321	0	63
321	0	163
321	0	222
321	0	298
321	0	309
321	1	321
321	0	342
321	0	387
321	0	533
321	0	547
321	0	637
321	0	662
321	0	705
321	0	852
321	0	878
322	0	0
322	0	41
322	0	101
322	0	124
322	0	138
322	0	298
322	1	322
322	0	401
322	0	508
322	0	523
322	0	561
322	0	949
323	0	158
323	0	167
323	0	238
323	1	323
323	0	333
323	0	342
323	0	387
323	0	533
323	0	590
323	0	637
323	0	699
324	1	324
325	0	64
325	0	145
325	1	325
325	0	686
325	0	929
325	0	937
326	0	274
326	1	326
326	0	380
326	0	701
326	0	736
326	0	848
326	0	896
327	1	327
328	1	328
328	0	333
329	1	329
330	1	330
331	0	249
331	0	317
331	1	331
331	0	434
331	0	447
331	0	499
331	0	632
331	0	699
331	0	781
332	0	5
332	0	227
332	0	248
332	1	332
332	0	408
332	0	469
332	0	501
332	0	537
332	0	568
332	0	598
332	0	604
332	0	692
332	0	709
332	0	742
332	0	815
332	0	861
332	0	1003
333	0	37
333	0	60
333	0	64
333	0	74
333	0	89
333	0	126
333	0	146
333	0	156
333	0	158
333	0	184
333	0	219
333	0	244
333	0	323
333	1	333
333	0	382
333	0	461
333	0	501
333	0	529
333	0	533
333	0	541
333	0	545
333	0	590
333	0	606
333	0	611
333	0	628
333	0	637
333	0	670
333	0	686
333	0	691
333	0	717
333	0	741
333	0	748
333	0	771
333	0	775
333	0	878
333	0	922
333	0	994
334	0	4
334	0	28
334	0	106
334	0	117
334	0	174
334	0	191
334	0	200
334	0	207
334	0	227
334	0	235
334	1	334
334	0	380
334	0	384
334	0	439
334	0	463
334	0	467
334	0	531
334	0	536
334	0	552
334	0	642
334	0	663
334	0	669
334	0	687
334	0	736
334	0	789
334	0	807
334	0	809
334	0	866
334	0	897
334	0	979
334	0	984
334	0	1003
335	1	335
336	0	124
336	0	222
336	0	298
336	0	319
336	1	336
336	0	387
336	0	504
336	0	580
336	0	637
336	0	645
336	0	779
336	0	787
336	0	853
336	0	869
336	0	903
336	0	926
337	0	328
337	1	337
337	0	432
337	0	539
337	0	950
338	1	338
339	1	339
340	1	340
341	1	341
342	0	60
342	0	158
342	0	222
342	0	228
342	0	302
342	0	309
342	0	321
342	0	323
342	1	342
342	0	367
342	0	387
342	0	586
342	0	611
342	0	662
342	0	852
342	0	949
343	0	141
343	0	164
343	1	343
343	0	372
343	0	542
344	1	344
345	1	345
346	0	146
346	0	170
346	0	307
346	1	346
346	0	576
346	0	685
346	0	932
346	0	965
347	1	347
348	1	348
349	0	230
349	1	349
350	1	350
351	1	351
352	0	184
352	0	189
352	1	352
352	0	890
353	1	353
354	1	354
355	0	29
355	0	51
355	0	76
355	0	111
355	0	125
355	0	156
355	0	158
355	0	165
355	0	167
355	0	208
355	0	255
355	0	259
355	0	304
355	0	312
355	1	355
355	0	415
355	0	461
355	0	471
355	0	498
355	0	499
355	0	514
355	0	516
355	0	527
355	0	534
355	0	549
355	0	573
355	0	585
355	0	601
355	0	606
355	0	628
355	0	647
355	0	683
355	0	717
355	0	742
355	0	761
355	0	764
355	0	858
355	0	867
355	0	911
355	0	983
356	1	356
357	1	357
358	1	358
359	0	23
359	0	159
359	0	279
359	1	359
359	0	492
359	0	525
359	0	529
359	0	546
359	0	560
359	0	568
359	0	628
359	0	630
359	0	657
360	1	360
361	0	3
361	0	4
361	0	11
361	0	110
361	0	140
361	0	166
361	0	167
361	0	183
361	0	215
361	0	279
361	0	323
361	1	361
361	0	368
361	0	380
361	0	382
361	0	420
361	0	449
361	0	501
361	0	516
361	0	527
361	0	546
361	0	601
361	0	604
361	0	658
361	0	694
361	0	717
361	0	730
361	0	807
361	0	853
361	0	869
361	0	908
361	0	921
361	0	970
361	0	977
361	0	992
362	1	362
363	1	363
364	0	13
364	1	364
365	1	365
365	0	971
366	1	366
367	1	367
367	0	878
368	0	61
368	0	167
368	0	231
368	0	262
368	1	368
368	0	443
368	0	512
368	0	534
368	0	555
368	0	645
368	0	769
369	1	369
370	1	370
370	0	527
371	1	371
371	0	403
371	0	414
371	0	571
371	0	594
371	0	608
371	0	933
372	1	372
373	0	305
373	1	373
373	0	952
374	1	374
375	1	375
376	0	52
376	0	89
376	0	100
376	0	126
376	0	245
376	1	376
376	0	422
376	0	456
376	0	529
376	0	604
376	0	606
376	0	629
376	0	686
376	0	715
376	0	717
376	0	723
376	0	730
376	0	753
376	0	865
377	1	377
378	0	271
378	1	378
378	0	567
378	0	661
379	1	379
380	0	4
380	0	5
380	0	28
380	0	106
380	0	191
380	0	235
380	0	326
380	0	334
380	1	380
380	0	505
380	0	531
380	0	536
380	0	552
380	0	642
380	0	669
380	0	782
381	1	381
382	0	60
382	0	235
382	0	310
382	0	361
382	1	382
382	0	387
382	0	427
382	0	443
382	0	527
382	0	585
382	0	588
382	0	764
382	0	866
382	0	908
382	0	921
383	1	383
384	1	384
385	1	385
386	1	386
387	0	60
387	0	83
387	0	298
387	0	321
387	0	323
387	0	336
387	0	382
387	1	387
387	0	533
387	0	590
387	0	611
387	0	637
387	0	831
387	0	852
387	0	950
388	1	388
389	1	389
390	1	390
391	0	111
391	0	266
391	0	315
391	1	391
391	0	516
391	0	673
391	0	837
392	0	106
392	1	392
392	0	979
393	1	393
394	1	394
394	0	513
395	1	395
396	1	396
396	0	606
396	0	670
396	0	974
397	1	397
397	0	449
397	0	711
398	0	45
398	0	342
398	1	398
399	1	399
400	0	164
400	0	290
400	1	400
400	0	414
400	0	428
400	0	453
400	0	682
401	0	41
401	0	163
401	0	298
401	0	342
401	1	401
402	1	402
403	1	403
403	0	594
404	0	134
404	1	404
405	0	11
405	0	14
405	1	405
405	0	421
405	0	679
405	0	695
406	1	406
406	0	842
407	1	407
408	1	408
408	0	505
408	0	568
408	0	598
408	0	976
409	0	5
409	0	13
409	0	15
409	0	30
409	0	37
409	0	55
409	0	121
409	0	126
409	0	152
409	0	174
409	0	188
409	0	207
409	0	235
409	0	250
409	1	409
409	0	432
409	0	481
409	0	540
409	0	594
409	0	649
409	0	651
409	0	662
409	0	699
409	0	717
409	0	718
409	0	776
409	0	836
409	0	923
409	0	968
409	0	976
409	0	993
409	0	1000
410	1	410
411	1	411
412	1	412
413	1	413
413	0	890
414	0	39
414	0	90
414	0	126
414	0	149
414	0	190
414	0	371
414	0	400
414	1	414
414	0	434
414	0	503
414	0	568
414	0	586
414	0	606
414	0	611
414	0	628
414	0	629
414	0	832
414	0	939
414	0	986
415	0	1
415	0	29
415	0	51
415	0	74
415	0	125
415	0	133
415	0	146
415	0	158
415	0	165
415	0	167
415	0	192
415	0	213
415	0	255
415	0	259
415	0	266
415	0	289
415	0	293
415	0	304
415	0	312
415	0	355
415	1	415
415	0	453
415	0	572
415	0	585
415	0	601
415	0	628
415	0	632
415	0	647
415	0	751
415	0	761
415	0	764
415	0	832
415	0	853
415	0	858
415	0	884
415	0	911
415	0	926
415	0	947
416	1	416
417	0	104
417	0	307
417	0	330
417	1	417
417	0	968
417	0	976
417	0	995
418	1	418
419	0	95
419	0	163
419	1	419
419	0	547
419	0	878
419	0	949
420	0	140
420	0	206
420	0	256
420	1	420
420	0	423
420	0	629
420	0	869
420	0	977
421	0	14
421	0	405
421	1	421
421	0	539
421	0	568
421	0	679
421	0	695
421	0	730
421	0	788
422	0	55
422	0	90
422	0	100
422	0	148
422	0	174
422	0	183
422	0	245
422	0	318
422	0	376
422	1	422
422	0	445
422	0	456
422	0	649
422	0	709
422	0	715
422	0	778
422	0	848
422	0	865
422	0	976
422	0	1000
423	0	91
423	0	135
423	0	141
423	0	164
423	0	206
423	0	420
423	1	423
423	0	794
423	0	846
423	0	952
423	0	977
423	0	989
424	1	424
425	1	425
426	0	328
426	1	426
426	0	889
426	0	954
427	0	16
427	0	30
427	0	31
427	0	60
427	0	89
427	0	91
427	0	121
427	0	135
427	0	141
427	0	172
427	0	188
427	0	199
427	0	206
427	0	213
427	0	238
427	0	266
427	0	273
427	0	300
427	0	301
427	0	315
427	0	382
427	1	427
427	0	542
427	0	568
427	0	628
427	0	646
427	0	657
427	0	837
427	0	850
427	0	856
427	0	861
427	0	914
427	0	951
427	0	952
427	0	970
427	0	989
428	0	97
428	0	195
428	0	290
428	0	400
428	1	428
428	0	453
428	0	924
429	1	429
430	1	430
431	1	431
432	0	31
432	0	89
432	0	158
432	0	248
432	0	337
432	1	432
432	0	540
432	0	581
432	0	737
432	0	788
432	0	986
432	0	993
433	1	433
434	0	331
434	0	414
434	1	434
434	0	447
434	0	499
434	0	632
434	0	781
435	1	435
436	1	436
437	1	437
438	0	76
438	0	167
438	1	438
438	0	911
439	0	225
439	0	334
439	0	379
439	1	439
439	0	536
439	0	736
440	1	440
440	0	527
441	1	441
442	0	52
442	0	60
442	0	85
442	0	136
442	0	151
442	0	158
442	0	192
442	0	249
442	1	442
442	0	549
442	0	661
442	0	691
442	0	702
442	0	741
443	0	368
443	0	382
443	1	443
443	0	534
443	0	721
443	0	822
444	1	444
445	1	445
445	0	763
446	0	125
446	1	446
446	0	585
446	0	884
447	1	447
448	0	134
448	0	277
448	1	448
449	0	39
449	0	60
449	0	158
449	0	186
449	0	232
449	0	271
449	0	361
449	0	397
449	1	449
449	0	461
449	0	567
449	0	571
449	0	594
449	0	595
449	0	661
449	0	694
449	0	695
449	0	711
449	0	717
449	0	741
449	0	748
449	0	753
449	0	761
449	0	801
449	0	899
449	0	919
449	0	946
450	1	450
451	1	451
452	1	452
453	0	52
453	0	97
453	0	119
453	0	133
453	0	146
453	0	172
453	0	192
453	0	197
453	0	263
453	0	267
453	0	277
453	0	290
453	0	400
453	0	415
453	0	428
453	1	453
453	0	487
453	0	591
453	0	593
453	0	608
453	0	613
453	0	632
453	0	712
453	0	771
454	1	454
455	0	370
455	1	455
455	0	935
456	0	18
456	0	60
456	0	100
456	0	242
456	0	245
456	0	376
456	0	422
456	1	456
456	0	521
456	0	686
456	0	695
456	0	715
456	0	717
456	0	776
456	0	865
457	0	24
457	0	47
457	0	72
457	0	318
457	1	457
457	0	498
457	0	557
457	0	576
457	0	683
457	0	703
457	0	843
457	0	955
458	1	458
458	0	516
458	0	563
459	1	459
460	1	460
461	0	156
461	0	188
461	0	222
461	0	230
461	0	247
461	0	279
461	0	333
461	0	355
461	0	448
461	0	449
461	1	461
461	0	516
461	0	529
461	0	534
461	0	541
461	0	585
461	0	590
461	0	669
461	0	686
461	0	691
461	0	717
461	0	741
461	0	782
461	0	832
461	0	850
461	0	914
461	0	919
461	0	922
462	1	462
463	0	334
463	1	463
463	0	979
464	1	464
464	0	811
465	1	465
465	0	661
465	0	711
466	1	466
467	1	467
468	0	34
468	0	134
468	0	140
468	0	141
468	0	166
468	0	187
468	0	206
468	0	228
468	0	240
468	0	263
468	0	273
468	0	300
468	0	420
468	0	423
468	0	427
468	1	468
468	0	511
468	0	527
468	0	546
468	0	551
468	0	613
468	0	629
468	0	794
468	0	816
468	0	850
468	0	857
468	0	861
468	0	953
468	0	977
468	0	987
469	0	5
469	0	188
469	0	227
469	0	248
469	0	332
469	0	408
469	1	469
469	0	501
469	0	537
469	0	568
469	0	571
469	0	598
469	0	604
469	0	692
469	0	709
469	0	788
469	0	861
469	0	1003
470	1	470
471	0	51
471	0	167
471	0	255
471	0	312
471	0	355
471	0	415
471	1	471
471	0	516
471	0	534
471	0	574
471	0	601
471	0	742
471	0	911
472	1	472
473	1	473
474	1	474
475	1	475
476	0	124
476	0	138
476	1	476
477	0	266
477	1	477
478	0	121
478	1	478
479	1	479
480	1	480
481	0	55
481	1	481
481	0	530
481	0	568
481	0	846
481	0	986
481	0	989
482	0	152
482	0	219
482	0	228
482	0	325
482	1	482
482	0	606
482	0	741
482	0	797
482	0	926
483	1	483
484	0	61
484	1	484
484	0	541
484	0	822
485	1	485
486	1	486
487	1	487
488	1	488
489	1	489
490	0	4
490	0	30
490	0	280
490	1	490
490	0	505
490	0	531
490	0	552
491	1	491
492	0	23
492	0	206
492	0	300
492	0	359
492	1	492
492	0	529
492	0	560
492	0	629
492	0	657
492	0	684
492	0	730
492	0	794
492	0	977
493	1	493
494	0	158
494	1	494
494	0	567
494	0	861
495	1	495
496	0	280
496	0	490
496	1	496
496	0	772
496	0	976
497	1	497
498	0	43
498	0	47
498	0	90
498	0	156
498	0	317
498	0	320
498	0	355
498	1	498
498	0	516
498	0	534
498	0	541
498	0	557
498	0	564
498	0	585
498	0	590
498	0	591
498	0	606
498	0	678
498	0	683
498	0	686
498	0	703
498	0	742
498	0	843
498	0	917
498	0	955
499	0	125
499	0	158
499	0	165
499	0	192
499	0	331
499	0	355
499	0	434
499	1	499
499	0	545
499	0	549
499	0	585
499	0	686
499	0	781
499	0	789
499	0	889
499	0	922
500	1	500
501	0	15
501	0	39
501	0	77
501	0	156
501	0	158
501	0	227
501	0	230
501	0	248
501	0	279
501	1	501
501	0	537
501	0	549
501	0	568
501	0	571
501	0	590
501	0	686
501	0	699
501	0	717
501	0	748
501	0	850
501	0	861
501	0	914
501	0	922
501	0	950
501	0	975
502	1	502
503	1	503
504	0	173
504	0	336
504	1	504
504	0	821
505	0	4
505	0	5
505	0	13
505	0	28
505	0	67
505	0	77
505	0	89
505	0	172
505	0	188
505	0	191
505	0	198
505	0	225
505	0	235
505	0	247
505	0	248
505	0	363
505	0	376
505	0	379
505	0	380
505	0	403
505	0	408
505	0	439
505	0	490
505	1	505
505	0	531
505	0	540
505	0	575
505	0	598
505	0	604
505	0	643
505	0	656
505	0	669
505	0	681
505	0	687
505	0	689
505	0	701
505	0	717
505	0	718
505	0	737
505	0	742
505	0	782
505	0	795
505	0	848
505	0	880
505	0	920
505	0	923
505	0	950
505	0	995
505	0	1000
506	1	506
507	1	507
508	0	95
508	0	105
508	0	298
508	0	302
508	0	323
508	0	401
508	1	508
508	0	633
508	0	637
508	0	779
508	0	831
508	0	892
509	0	173
509	1	509
510	0	337
510	1	510
510	0	848
511	1	511
512	0	484
512	1	512
512	0	534
512	0	822
513	1	513
514	1	514
515	0	12
515	0	436
515	1	515
515	0	531
515	0	742
515	0	760
515	0	763
515	0	782
515	0	789
515	0	836
515	0	923
516	0	60
516	0	111
516	0	156
516	0	158
516	0	165
516	0	185
516	0	255
516	0	266
516	0	355
516	0	361
516	0	391
516	0	458
516	0	477
516	1	516
516	0	541
516	0	563
516	0	564
516	0	585
516	0	601
516	0	647
516	0	764
516	0	802
516	0	853
517	1	517
518	1	518
519	1	519
520	1	520
521	0	60
521	0	113
521	0	144
521	0	435
521	0	456
521	1	521
521	0	715
522	0	305
522	0	308
522	0	373
522	1	522
522	0	691
523	1	523
524	1	524
525	0	266
525	0	359
525	1	525
525	0	527
525	0	529
525	0	560
526	1	526
527	0	279
527	0	355
527	0	361
527	0	379
527	0	382
527	0	468
527	1	527
527	0	541
527	0	588
527	0	753
527	0	922
528	1	528
529	0	23
529	0	64
529	0	140
529	0	159
529	0	266
529	0	279
529	0	333
529	0	448
529	0	461
529	0	492
529	1	529
529	0	628
529	0	629
529	0	632
529	0	684
529	0	717
529	0	850
529	0	890
529	0	914
529	0	919
530	0	55
530	0	89
530	0	158
530	0	481
530	1	530
530	0	640
530	0	986
531	0	1
531	0	4
531	0	12
531	0	28
531	0	117
531	0	191
531	0	334
531	0	380
531	0	436
531	0	490
531	0	505
531	0	515
531	1	531
531	0	552
531	0	649
531	0	669
531	0	687
531	0	699
531	0	760
531	0	789
531	0	807
531	0	819
531	0	880
531	0	897
531	0	1000
532	1	532
532	0	741
533	0	37
533	0	60
533	0	83
533	0	101
533	0	124
533	0	173
533	0	205
533	0	222
533	0	323
533	0	333
533	0	342
533	0	387
533	1	533
533	0	590
533	0	691
534	0	123
534	0	249
534	0	368
534	0	443
534	0	461
534	0	471
534	0	498
534	1	534
534	0	541
534	0	555
534	0	645
534	0	721
534	0	822
534	0	853
535	1	535
536	0	106
536	0	207
536	0	235
536	0	439
536	1	536
537	0	501
537	1	537
537	0	568
537	0	692
538	0	331
538	1	538
539	0	55
539	0	67
539	0	94
539	0	230
539	0	244
539	0	310
539	0	337
539	0	360
539	0	363
539	0	421
539	0	432
539	0	510
539	1	539
539	0	640
539	0	696
539	0	697
539	0	748
539	0	788
539	0	795
539	0	829
539	0	835
539	0	839
539	0	848
539	0	854
539	0	872
539	0	924
539	0	954
539	0	986
539	0	993
540	0	15
540	0	172
540	0	198
540	0	306
540	0	505
540	1	540
540	0	575
540	0	643
540	0	737
540	0	751
540	0	782
540	0	807
540	0	849
540	0	922
540	0	950
540	0	976
540	0	995
541	0	61
541	0	112
541	0	156
541	0	158
541	0	461
541	0	484
541	0	498
541	0	516
541	0	527
541	0	534
541	1	541
541	0	590
541	0	645
541	0	853
541	0	922
542	0	343
542	0	427
542	1	542
542	0	890
543	0	7
543	0	142
543	1	543
544	1	544
545	0	39
545	0	47
545	0	64
545	0	119
545	0	188
545	0	196
545	0	199
545	0	442
545	0	457
545	0	494
545	0	539
545	1	545
545	0	549
545	0	564
545	0	606
545	0	741
545	0	742
545	0	771
545	0	829
545	0	843
545	0	919
545	0	922
546	0	23
546	0	34
546	0	140
546	0	166
546	0	187
546	0	206
546	0	240
546	0	300
546	0	420
546	0	423
546	0	468
546	0	511
546	1	546
546	0	551
546	0	613
546	0	630
546	0	646
546	0	708
546	0	794
546	0	816
546	0	823
546	0	846
546	0	850
546	0	953
546	0	977
546	0	987
547	0	41
547	0	163
547	0	173
547	0	321
547	1	547
547	0	637
547	0	852
547	0	878
548	0	527
548	1	548
549	0	247
549	0	355
549	0	499
549	0	501
549	0	545
549	1	549
549	0	670
549	0	691
549	0	742
550	1	550
551	0	140
551	0	166
551	0	187
551	1	551
551	0	816
551	0	850
551	0	857
551	0	950
551	0	977
552	0	4
552	0	106
552	0	490
552	1	552
552	0	669
552	0	686
553	0	184
553	1	553
554	1	554
555	0	471
555	0	534
555	1	555
556	1	556
557	0	47
557	0	206
557	0	215
557	0	317
557	0	318
557	0	320
557	0	457
557	0	498
557	1	557
557	0	564
557	0	683
557	0	843
557	0	955
558	0	345
558	1	558
559	1	559
560	0	23
560	0	66
560	0	266
560	0	359
560	0	492
560	1	560
560	0	630
560	0	845
561	1	561
562	0	7
562	1	562
562	0	778
563	1	563
564	0	40
564	0	47
564	0	158
564	0	498
564	0	516
564	0	549
564	1	564
564	0	678
564	0	722
565	0	119
565	0	277
565	0	279
565	0	289
565	1	565
565	0	712
566	1	566
567	0	197
567	0	228
567	0	271
567	0	378
567	0	449
567	0	487
567	0	494
567	0	527
567	1	567
567	0	594
567	0	595
567	0	659
567	0	661
567	0	741
567	0	783
567	0	946
568	0	5
568	0	30
568	0	31
568	0	77
568	0	158
568	0	187
568	0	188
568	0	213
568	0	227
568	0	248
568	0	279
568	0	280
568	0	292
568	0	294
568	0	332
568	0	359
568	0	408
568	0	414
568	0	421
568	0	427
568	0	469
568	0	481
568	0	490
568	0	501
568	0	529
568	0	537
568	1	568
568	0	579
568	0	598
568	0	604
568	0	630
568	0	684
568	0	692
568	0	709
568	0	748
568	0	807
568	0	850
568	0	861
568	0	914
568	0	950
568	0	952
568	0	975
568	0	976
568	0	989
568	0	990
568	0	1003
569	1	569
570	0	61
570	0	159
570	0	160
570	0	276
570	0	284
570	0	393
570	0	449
570	0	541
570	1	570
570	0	662
570	0	683
570	0	730
570	0	741
570	0	869
570	0	884
570	0	899
570	0	909
570	0	934
571	0	31
571	0	39
571	0	158
571	0	271
571	0	371
571	0	449
571	0	568
571	1	571
571	0	661
571	0	730
571	0	801
571	0	861
572	0	125
572	1	572
572	0	585
572	0	867
573	1	573
574	0	76
574	0	167
574	0	231
574	0	259
574	0	438
574	0	471
574	1	574
575	0	505
575	0	540
575	1	575
575	0	849
576	0	57
576	0	156
576	0	213
576	0	457
576	1	576
576	0	685
576	0	747
576	0	932
576	0	935
576	0	965
577	1	577
578	1	578
579	0	31
579	0	47
579	0	142
579	0	568
579	1	579
579	0	581
579	0	790
579	0	861
579	0	975
580	0	71
580	0	134
580	0	158
580	0	247
580	0	336
580	1	580
580	0	691
580	0	702
580	0	719
580	0	829
580	0	935
580	0	941
580	0	950
581	0	104
581	0	174
581	0	363
581	0	432
581	0	579
581	1	581
581	0	623
581	0	649
581	0	689
581	0	763
581	0	993
582	1	582
583	1	583
583	0	730
584	0	57
584	0	279
584	0	361
584	1	584
584	0	694
584	0	869
584	0	908
585	0	1
585	0	57
585	0	110
585	0	125
585	0	132
585	0	156
585	0	158
585	0	159
585	0	165
585	0	167
585	0	195
585	0	213
585	0	263
585	0	266
585	0	293
585	0	309
585	0	333
585	0	355
585	0	382
585	0	415
585	0	478
585	0	499
585	0	516
585	0	540
585	0	572
585	1	585
585	0	601
585	0	647
585	0	686
585	0	717
585	0	761
585	0	771
585	0	781
585	0	853
585	0	867
585	0	884
585	0	911
585	0	983
586	0	244
586	0	317
586	0	325
586	0	342
586	0	414
586	1	586
586	0	719
587	1	587
588	0	289
588	0	382
588	1	588
589	0	47
589	0	158
589	0	170
589	0	213
589	0	346
589	1	589
589	0	925
589	0	932
590	1	590
591	0	97
591	0	133
591	0	198
591	0	267
591	0	290
591	0	453
591	1	591
591	0	712
591	0	922
591	0	926
591	0	947
592	1	592
593	1	593
594	0	70
594	0	194
594	0	271
594	0	371
594	0	403
594	0	449
594	0	451
594	0	452
594	0	567
594	1	594
594	0	753
594	0	950
594	0	990
594	0	1003
595	0	238
595	0	328
595	0	449
595	0	567
595	1	595
595	0	694
596	1	596
597	1	597
598	0	408
598	0	568
598	1	598
598	0	692
598	0	709
599	1	599
600	1	600
601	0	110
601	0	132
601	0	165
601	0	355
601	0	415
601	0	471
601	0	516
601	0	585
601	1	601
601	0	647
601	0	742
601	0	764
601	0	911
602	1	602
603	1	603
604	0	227
604	0	248
604	0	292
604	0	332
604	0	361
604	0	469
604	0	501
604	0	505
604	0	568
604	1	604
604	0	669
604	0	692
604	0	699
604	0	709
604	0	788
604	0	861
604	0	920
604	0	975
604	0	1003
605	1	605
606	0	4
606	0	64
606	0	74
606	0	90
606	0	111
606	0	126
606	0	146
606	0	156
606	0	166
606	0	188
606	0	219
606	0	222
606	0	228
606	0	230
606	0	232
606	0	316
606	0	333
606	0	342
606	0	376
606	0	396
606	0	482
606	0	501
606	0	516
606	0	545
606	0	568
606	0	590
606	1	606
606	0	670
606	0	686
606	0	691
606	0	695
606	0	715
606	0	717
606	0	737
606	0	741
606	0	768
606	0	774
606	0	797
606	0	832
606	0	842
606	0	890
606	0	899
606	0	914
606	0	919
606	0	926
606	0	977
606	0	995
606	0	996
607	1	607
608	0	74
608	0	89
608	0	95
608	0	158
608	0	165
608	0	196
608	0	213
608	0	234
608	0	238
608	0	290
608	0	332
608	0	453
608	0	475
608	0	545
608	1	608
608	0	632
608	0	706
608	0	771
608	0	806
608	0	832
608	0	879
608	0	889
608	0	922
608	0	926
608	0	950
608	0	1002
609	1	609
610	1	610
611	0	63
611	0	102
611	1	611
611	0	632
611	0	739
611	0	831
612	1	612
613	0	140
613	0	184
613	1	613
613	0	629
613	0	857
613	0	977
614	1	614
615	1	615
616	0	192
616	0	549
616	1	616
616	0	719
616	0	832
617	0	320
617	0	498
617	1	617
618	1	618
619	1	619
620	1	620
621	1	621
622	1	622
623	0	230
623	0	244
623	0	328
623	0	363
623	1	623
623	0	691
623	0	872
623	0	993
624	1	624
625	1	625
626	1	626
627	0	1
627	0	81
627	0	134
627	0	228
627	1	627
627	0	719
627	0	789
627	0	869
627	0	870
628	0	1
628	0	23
628	0	64
628	0	135
628	0	158
628	0	159
628	0	184
628	0	188
628	0	189
628	0	201
628	0	213
628	0	238
628	0	266
628	0	279
628	0	355
628	0	359
628	0	391
628	0	414
628	0	427
628	0	461
628	0	492
628	0	525
628	0	527
628	0	529
628	0	560
628	1	628
628	0	629
628	0	630
628	0	657
628	0	684
628	0	748
628	0	845
628	0	890
628	0	893
628	0	914
628	0	947
628	0	977
629	0	23
629	0	141
629	0	159
629	0	166
629	0	187
629	0	196
629	0	206
629	0	266
629	0	273
629	0	300
629	0	376
629	0	414
629	0	420
629	0	427
629	0	468
629	0	492
629	0	529
629	0	613
629	0	628
629	1	629
629	0	684
629	0	789
629	0	837
629	0	850
629	0	890
629	0	914
629	0	919
629	0	953
630	0	23
630	0	111
630	0	279
630	0	280
630	0	492
630	0	525
630	0	529
630	0	546
630	0	560
630	0	568
630	0	628
630	1	630
630	0	646
630	0	837
630	0	845
630	0	890
631	1	631
632	0	52
632	0	74
632	0	192
632	0	250
632	0	415
632	0	529
632	0	539
632	0	611
632	1	632
632	0	640
632	0	706
632	0	919
632	0	922
633	0	298
633	0	322
633	0	323
633	1	633
633	0	787
634	1	634
635	1	635
636	1	636
637	0	37
637	0	52
637	0	68
637	0	95
637	0	158
637	0	321
637	0	323
637	0	336
637	0	387
637	0	508
637	0	533
637	0	621
637	0	633
637	1	637
637	0	699
637	0	705
637	0	787
637	0	831
638	1	638
638	0	1003
639	1	639
640	0	250
640	0	481
640	0	632
640	1	640
641	1	641
642	0	380
642	0	467
642	1	642
642	0	669
642	0	684
642	0	880
643	0	13
643	0	89
643	0	198
643	0	505
643	0	540
643	1	643
643	0	649
643	0	701
643	0	751
643	0	849
643	0	923
643	0	976
643	0	995
643	0	1000
644	1	644
645	0	61
645	0	112
645	0	249
645	0	336
645	0	368
645	0	443
645	0	484
645	0	512
645	0	534
645	0	541
645	0	550
645	1	645
645	0	721
645	0	822
645	0	853
645	0	926
645	0	967
646	0	23
646	0	30
646	0	91
646	0	135
646	0	141
646	0	199
646	0	427
646	0	630
646	1	646
646	0	816
646	0	846
646	0	856
646	0	914
646	0	952
646	0	989
647	0	29
647	0	266
647	0	415
647	1	647
647	0	761
647	0	764
647	0	884
647	0	983
648	0	547
648	1	648
649	0	143
649	0	174
649	0	183
649	0	422
649	0	466
649	0	531
649	0	643
649	1	649
649	0	685
649	0	737
649	0	744
649	0	782
649	0	848
649	0	871
649	0	1000
650	1	650
651	1	651
652	1	652
653	1	653
653	0	681
653	0	737
653	0	782
653	0	990
654	1	654
655	0	300
655	1	655
656	0	13
656	0	198
656	0	505
656	0	540
656	1	656
656	0	849
656	0	920
656	0	995
657	0	266
657	0	279
657	0	492
657	0	546
657	1	657
657	0	837
657	0	869
658	0	158
658	0	305
658	0	306
658	0	373
658	1	658
658	0	659
658	0	741
659	0	89
659	0	158
659	0	305
659	0	527
659	0	658
659	1	659
659	0	691
659	0	748
659	0	782
659	0	783
660	1	660
661	0	25
661	0	39
661	0	59
661	0	85
661	0	186
661	0	197
661	0	266
661	0	271
661	0	378
661	0	429
661	0	442
661	0	449
661	0	465
661	0	487
661	0	567
661	0	571
661	0	595
661	1	661
661	0	694
661	0	711
661	0	801
661	0	837
661	0	899
661	0	946
662	0	83
662	0	222
662	0	302
662	0	342
662	0	361
662	0	394
662	0	409
662	0	637
662	0	648
662	1	662
662	0	705
662	0	878
662	0	897
662	0	949
663	0	106
663	0	334
663	0	379
663	1	663
664	1	664
665	1	665
666	1	666
667	1	667
668	1	668
669	0	4
669	0	28
669	0	106
669	0	174
669	0	235
669	0	248
669	0	334
669	0	380
669	0	505
669	0	531
669	0	552
669	0	642
669	1	669
669	0	687
669	0	701
670	0	114
670	0	333
670	0	461
670	0	549
670	1	670
670	0	686
671	0	24
671	0	47
671	0	215
671	0	317
671	0	318
671	0	457
671	0	557
671	1	671
671	0	843
671	0	955
672	1	672
673	0	111
673	0	266
673	0	516
673	1	673
674	1	674
675	0	45
675	0	124
675	1	675
676	1	676
677	1	677
677	0	695
678	0	72
678	0	498
678	0	564
678	1	678
679	0	14
679	0	283
679	0	405
679	0	421
679	0	583
679	1	679
679	0	706
679	0	719
679	0	730
679	0	789
680	1	680
681	0	505
681	0	649
681	0	653
681	1	681
681	0	737
681	0	782
682	0	164
682	1	682
683	0	24
683	0	47
683	0	156
683	0	215
683	0	317
683	0	320
683	0	355
683	0	457
683	0	498
683	0	516
683	0	534
683	0	541
683	0	557
683	0	564
683	0	585
683	0	678
683	1	683
683	0	703
683	0	717
683	0	742
683	0	843
683	0	917
683	0	955
684	0	159
684	0	492
684	0	529
684	0	540
684	0	568
684	0	628
684	0	629
684	0	642
684	1	684
684	0	723
684	0	1000
685	0	170
685	0	576
685	0	649
685	1	685
685	0	871
686	0	64
686	0	271
686	0	499
686	0	585
686	1	686
686	0	741
686	0	771
686	0	782
687	0	403
687	1	687
687	0	807
688	1	688
689	0	581
689	1	689
690	1	690
691	0	89
691	0	134
691	0	158
691	0	219
691	0	232
691	0	247
691	0	306
691	0	316
691	0	328
691	0	333
691	0	522
691	0	533
691	0	549
691	0	580
691	0	590
691	0	606
691	0	623
691	0	659
691	0	686
691	1	691
691	0	730
691	0	735
691	0	745
691	0	748
691	0	768
691	0	774
691	0	829
691	0	834
691	0	909
692	0	31
692	0	121
692	0	227
692	0	432
692	0	568
692	0	598
692	1	692
693	1	693
693	0	844
694	0	39
694	0	158
694	0	186
694	0	361
694	0	449
694	0	510
694	0	567
694	0	571
694	0	691
694	1	694
695	0	7
695	0	39
695	0	126
695	0	199
695	0	359
695	0	376
695	0	405
695	0	449
695	0	456
695	0	571
695	0	594
695	0	606
695	0	677
695	1	695
696	0	81
696	0	169
696	0	310
696	0	539
696	1	696
696	0	770
696	0	854
696	0	924
697	0	230
697	0	244
697	0	310
697	0	539
697	1	697
697	0	763
697	0	839
697	0	872
697	0	924
698	1	698
699	0	1
699	0	3
699	0	111
699	0	148
699	0	183
699	0	186
699	0	266
699	0	276
699	0	292
699	0	323
699	0	409
699	0	442
699	0	501
699	0	515
699	0	531
699	0	604
699	0	637
699	1	699
699	0	702
699	0	789
699	0	811
699	0	857
699	0	880
699	0	955
699	0	1000
700	0	219
700	1	700
701	0	13
701	0	89
701	0	105
701	0	198
701	0	326
701	0	381
701	0	505
701	0	515
701	0	643
701	0	669
701	1	701
701	0	760
701	0	836
701	0	841
701	0	849
701	0	923
702	0	85
702	0	134
702	0	158
702	0	305
702	0	442
702	0	580
702	1	702
702	0	770
702	0	771
702	0	950
703	0	40
703	0	47
703	0	269
703	0	320
703	0	457
703	0	498
703	0	564
703	0	683
703	1	703
703	0	722
703	0	742
703	0	955
704	1	704
705	0	41
705	0	637
705	1	705
706	0	38
706	0	97
706	0	192
706	0	213
706	0	608
706	0	632
706	0	679
706	1	706
706	0	712
706	0	879
706	0	950
706	0	1002
707	1	707
708	1	708
709	0	408
709	0	598
709	1	709
710	1	710
711	0	39
711	0	60
711	0	74
711	0	158
711	0	213
711	0	271
711	0	379
711	0	397
711	0	449
711	0	465
711	0	567
711	0	590
711	0	606
711	1	711
711	0	941
712	0	97
712	0	106
712	0	290
712	0	565
712	0	591
712	1	712
713	0	192
713	0	616
713	1	713
713	0	889
714	1	714
714	0	925
715	0	15
715	0	30
715	0	117
715	0	148
715	0	157
715	0	188
715	0	364
715	0	376
715	0	422
715	0	456
715	1	715
715	0	717
716	1	716
717	0	15
717	0	31
717	0	60
717	0	106
717	0	113
717	0	121
717	0	126
717	0	156
717	0	158
717	0	166
717	0	188
717	0	200
717	0	245
717	0	247
717	0	279
717	0	292
717	0	333
717	0	355
717	0	364
717	0	376
717	0	403
717	0	409
717	0	422
717	0	449
717	0	456
717	0	463
717	0	501
717	0	529
717	0	568
717	0	585
717	0	590
717	0	594
717	0	606
717	0	628
717	0	683
717	0	686
717	0	707
717	0	715
717	1	717
717	0	719
717	0	723
717	0	731
717	0	748
717	0	753
717	0	776
717	0	782
717	0	842
717	0	865
717	0	882
717	0	903
717	0	914
717	0	915
717	0	968
717	0	976
717	0	979
718	0	12
718	0	13
718	0	409
718	0	505
718	0	681
718	1	718
718	0	737
718	0	782
718	0	836
719	0	3
719	0	81
719	0	134
719	0	370
719	0	455
719	0	580
719	0	586
719	0	616
719	0	627
719	0	679
719	1	719
719	0	730
719	0	832
719	0	854
719	0	869
720	1	720
721	0	368
721	1	721
721	0	822
721	0	926
722	0	40
722	0	47
722	0	498
722	0	564
722	0	703
722	1	722
722	0	757
722	0	932
723	0	4
723	0	100
723	0	158
723	0	200
723	0	245
723	0	292
723	0	376
723	0	684
723	0	717
723	1	723
723	0	795
723	0	842
723	0	1000
724	1	724
725	1	725
726	0	214
726	1	726
727	1	727
728	1	728
729	1	729
730	0	7
730	0	14
730	0	156
730	0	158
730	0	213
730	0	280
730	0	283
730	0	405
730	0	421
730	0	492
730	0	539
730	0	583
730	0	679
730	0	719
730	1	730
730	0	738
730	0	788
730	0	869
730	0	914
730	0	950
731	0	117
731	1	731
731	0	1003
732	1	732
733	1	733
734	1	734
735	0	244
735	1	735
735	0	768
736	0	106
736	0	174
736	0	439
736	0	536
736	1	736
736	0	848
737	0	12
737	0	13
737	0	130
737	0	172
737	0	198
737	0	230
737	0	269
737	0	326
737	0	328
737	0	432
737	0	436
737	0	505
737	0	507
737	0	515
737	0	531
737	0	540
737	0	575
737	0	606
737	0	643
737	0	649
737	0	652
737	0	653
737	0	656
737	0	681
737	0	701
737	0	718
737	1	737
737	0	744
737	0	746
737	0	760
737	0	782
737	0	836
737	0	849
737	0	880
737	0	920
737	0	922
737	0	923
737	0	944
737	0	950
737	0	978
737	0	995
737	0	1000
738	0	7
738	0	668
738	0	730
738	1	738
739	0	105
739	1	739
739	0	787
740	1	740
741	0	74
741	0	89
741	0	134
741	0	158
741	0	213
741	0	222
741	0	228
741	0	305
741	0	333
741	0	442
741	0	449
741	0	482
741	0	658
741	0	686
741	0	691
741	1	741
741	0	748
741	0	768
741	0	770
741	0	783
741	0	899
741	0	992
742	0	12
742	0	29
742	0	61
742	0	103
742	0	119
742	0	156
742	0	165
742	0	167
742	0	213
742	0	304
742	0	355
742	0	471
742	0	505
742	0	515
742	0	545
742	0	549
742	0	601
742	0	683
742	0	703
742	1	742
742	0	764
742	0	858
742	0	911
742	0	955
743	1	743
744	1	744
744	0	995
745	0	89
745	0	691
745	1	745
745	0	748
746	1	746
747	0	307
747	0	576
747	1	747
747	0	925
748	0	1
748	0	39
748	0	55
748	0	60
748	0	89
748	0	126
748	0	135
748	0	190
748	0	219
748	0	230
748	0	232
748	0	263
748	0	305
748	0	333
748	0	414
748	0	449
748	0	501
748	0	529
748	0	533
748	0	539
748	0	568
748	0	580
748	0	606
748	0	628
748	0	659
748	0	691
748	0	717
748	0	741
748	0	745
748	1	748
748	0	829
748	0	833
748	0	864
748	0	900
748	0	986
749	1	749
750	1	750
751	0	190
751	0	252
751	0	415
751	0	643
751	1	751
751	0	977
752	1	752
753	0	126
753	0	183
753	0	271
753	0	594
753	0	717
753	1	753
753	0	842
753	0	865
754	1	754
755	1	755
756	1	756
757	0	40
757	0	47
757	0	433
757	0	498
757	0	722
757	1	757
757	0	843
757	0	917
757	0	955
758	0	125
758	0	165
758	1	758
759	1	759
760	0	515
760	0	701
760	0	718
760	0	737
760	1	760
760	0	782
760	0	803
760	0	880
760	0	968
761	1	761
762	0	13
762	0	133
762	0	656
762	1	762
763	0	244
763	0	328
763	0	363
763	0	515
763	0	581
763	1	763
763	0	839
763	0	993
764	0	29
764	0	103
764	0	119
764	0	132
764	0	158
764	0	167
764	0	208
764	0	213
764	0	312
764	0	355
764	0	382
764	0	516
764	0	590
764	0	601
764	0	647
764	0	742
764	0	761
764	1	764
764	0	858
764	0	935
765	1	765
766	1	766
767	1	767
768	0	228
768	0	606
768	0	691
768	1	768
769	1	769
770	0	3
770	0	64
770	0	81
770	0	82
770	0	136
770	0	228
770	0	305
770	0	442
770	0	532
770	0	567
770	0	659
770	0	696
770	0	699
770	0	702
770	0	741
770	1	770
770	0	862
770	0	869
770	0	872
770	0	900
771	0	4
771	0	5
771	0	12
771	0	60
771	0	67
771	0	74
771	0	119
771	0	134
771	0	165
771	0	188
771	0	217
771	0	222
771	0	225
771	0	232
771	0	247
771	0	325
771	0	333
771	0	355
771	0	370
771	0	380
771	0	397
771	0	432
771	0	449
771	0	451
771	0	453
771	0	500
771	0	516
771	0	533
771	0	534
771	0	543
771	0	572
771	0	585
771	0	608
771	0	632
771	0	683
771	0	686
771	0	702
771	0	717
771	0	738
771	0	741
771	0	751
771	0	753
771	1	771
771	0	782
771	0	821
771	0	822
771	0	835
771	0	849
771	0	850
771	0	869
771	0	919
771	0	922
771	0	926
771	0	939
771	0	950
771	0	992
772	0	337
772	0	699
772	1	772
772	0	954
773	1	773
773	0	946
774	0	156
774	0	590
774	0	606
774	0	691
774	0	717
774	1	774
775	0	192
775	0	333
775	0	501
775	0	590
775	0	616
775	0	686
775	1	775
776	0	717
776	1	776
777	1	777
778	0	183
778	0	256
778	0	422
778	0	562
778	1	778
779	0	302
779	0	508
779	0	602
779	1	779
780	1	780
781	0	1
781	0	165
781	0	331
781	0	415
781	0	434
781	0	447
781	0	499
781	0	585
781	1	781
782	0	5
782	0	13
782	0	28
782	0	380
782	0	505
782	0	515
782	0	653
782	0	669
782	0	681
782	0	686
782	0	737
782	0	760
782	1	782
782	0	849
783	1	783
784	1	784
785	1	785
786	0	158
786	0	213
786	1	786
787	0	49
787	0	90
787	0	95
787	0	105
787	0	163
787	0	298
787	0	336
787	0	633
787	0	637
787	0	739
787	1	787
787	0	831
788	0	27
788	0	31
788	0	55
788	0	67
788	0	94
788	0	196
788	0	230
788	0	244
788	0	250
788	0	310
788	0	328
788	0	337
788	0	360
788	0	363
788	0	421
788	0	431
788	0	432
788	0	469
788	0	481
788	0	510
788	0	530
788	0	539
788	0	581
788	0	587
788	0	604
788	0	640
788	0	730
788	0	763
788	1	788
788	0	808
788	0	839
788	0	848
788	0	871
788	0	872
788	0	954
788	0	986
788	0	993
789	0	1
789	0	44
789	0	51
789	0	65
789	0	125
789	0	167
789	0	228
789	0	259
789	0	266
789	0	293
789	0	499
789	0	515
789	0	531
789	0	627
789	0	629
789	0	679
789	0	699
789	0	760
789	0	781
789	1	789
789	0	811
789	0	822
789	0	880
789	0	900
789	0	911
789	0	955
789	0	983
790	0	31
790	0	89
790	1	790
790	0	861
790	0	976
791	1	791
792	1	792
793	1	793
793	0	853
794	0	206
794	0	420
794	0	423
794	0	492
794	1	794
794	0	977
794	0	987
795	0	142
795	1	795
796	1	796
797	0	89
797	0	158
797	0	277
797	0	482
797	0	580
797	0	606
797	1	797
797	0	950
798	1	798
799	1	799
800	1	800
801	0	39
801	0	271
801	0	521
801	0	545
801	0	661
801	1	801
802	0	266
802	0	516
802	0	585
802	1	802
803	1	803
804	1	804
805	1	805
806	1	806
807	0	568
807	0	687
807	1	807
808	0	7
808	0	158
808	0	363
808	1	808
808	0	986
809	0	106
809	0	230
809	0	379
809	0	472
809	1	809
810	1	810
811	0	1
811	0	549
811	0	699
811	0	789
811	1	811
812	1	812
813	1	813
814	1	814
815	1	815
816	0	166
816	0	206
816	0	293
816	0	420
816	0	423
816	0	546
816	0	646
816	1	816
816	0	977
817	0	57
817	0	437
817	1	817
818	1	818
819	1	819
820	1	820
821	1	821
822	0	61
822	0	112
822	0	123
822	0	249
822	0	256
822	0	368
822	0	393
822	0	443
822	0	484
822	0	498
822	0	512
822	0	534
822	0	541
822	0	550
822	0	555
822	0	645
822	0	721
822	0	820
822	1	822
822	0	853
822	0	926
823	1	823
824	1	824
825	1	825
826	1	826
827	0	105
827	1	827
827	0	1000
828	1	828
829	0	82
829	0	85
829	0	151
829	0	184
829	0	192
829	0	228
829	0	244
829	0	305
829	0	328
829	0	399
829	0	442
829	0	580
829	0	658
829	0	691
829	0	748
829	0	768
829	0	770
829	1	829
829	0	834
829	0	862
829	0	872
829	0	900
830	1	830
831	0	37
831	0	95
831	0	173
831	0	323
831	0	787
831	1	831
832	0	74
832	0	90
832	0	158
832	0	184
832	0	414
832	0	461
832	0	606
832	0	616
832	0	719
832	1	832
833	1	833
834	0	232
834	1	834
835	1	835
836	0	121
836	0	515
836	0	699
836	0	737
836	1	836
836	0	923
837	0	141
837	0	164
837	0	199
837	0	280
837	0	391
837	0	629
837	0	657
837	0	661
837	1	837
837	0	951
838	1	838
839	0	230
839	0	244
839	0	317
839	0	337
839	0	539
839	0	763
839	1	839
839	0	924
839	0	993
840	0	158
840	0	213
840	1	840
841	0	131
841	0	701
841	1	841
842	0	15
842	0	126
842	0	319
842	0	406
842	0	606
842	0	723
842	1	842
842	0	906
843	0	156
843	0	320
843	0	498
843	0	564
843	0	671
843	0	678
843	0	683
843	0	757
843	1	843
844	0	29
844	0	110
844	0	165
844	0	167
844	0	355
844	0	601
844	0	761
844	0	764
844	1	844
844	0	911
845	0	66
845	0	546
845	0	560
845	0	630
845	0	837
845	1	845
846	0	30
846	0	91
846	0	141
846	0	164
846	0	206
846	0	315
846	0	423
846	0	481
846	0	546
846	0	568
846	0	837
846	1	846
847	1	847
848	0	1
848	0	174
848	0	274
848	0	337
848	0	422
848	0	445
848	0	505
848	0	699
848	0	736
848	1	848
848	0	986
848	0	1000
849	0	12
849	0	13
849	0	64
849	0	74
849	0	90
849	0	106
849	0	119
849	0	130
849	0	133
849	0	172
849	0	184
849	0	195
849	0	196
849	0	198
849	0	269
849	0	326
849	0	436
849	0	505
849	0	515
849	0	531
849	0	540
849	0	575
849	0	608
849	0	643
849	0	649
849	0	653
849	0	656
849	0	681
849	0	682
849	0	701
849	0	718
849	0	737
849	0	744
849	0	751
849	0	760
849	0	771
849	0	782
849	0	832
849	0	836
849	1	849
849	0	880
849	0	920
849	0	923
849	0	944
849	0	978
849	0	986
849	0	995
849	0	1000
850	0	34
850	0	89
850	0	140
850	0	158
850	0	159
850	0	166
850	0	279
850	0	427
850	0	501
850	0	529
850	0	590
850	0	629
850	1	850
850	0	914
850	0	919
850	0	977
851	1	851
852	0	158
852	0	163
852	0	387
852	1	852
853	0	60
853	0	61
853	0	112
853	0	119
853	0	123
853	0	249
853	0	336
853	0	368
853	0	415
853	0	443
853	0	484
853	0	512
853	0	516
853	0	534
853	0	541
853	0	550
853	0	585
853	0	645
853	0	721
853	0	822
853	1	853
853	0	922
853	0	926
854	0	33
854	0	310
854	0	539
854	0	580
854	0	696
854	1	854
854	0	935
855	1	855
856	0	16
856	0	121
856	0	164
856	0	291
856	0	427
856	1	856
857	0	164
857	0	551
857	0	699
857	1	857
858	0	304
858	0	471
858	0	514
858	0	564
858	0	591
858	0	742
858	0	764
858	1	858
858	0	947
859	1	859
860	1	860
860	0	895
861	0	31
861	0	77
861	0	89
861	0	166
861	0	188
861	0	332
861	0	427
861	0	468
861	0	494
861	0	537
861	0	568
861	0	579
861	0	637
861	0	790
861	1	861
861	0	976
862	0	82
862	0	160
862	0	305
862	0	324
862	0	363
862	0	625
862	0	719
862	0	768
862	0	783
862	1	862
862	0	992
863	1	863
864	0	89
864	1	864
865	0	100
865	0	126
865	0	158
865	0	376
865	0	422
865	0	456
865	0	707
865	0	717
865	0	753
865	1	865
866	0	527
866	1	866
867	0	1
867	0	29
867	0	51
867	0	167
867	0	255
867	0	355
867	0	415
867	0	471
867	0	572
867	0	585
867	0	699
867	0	742
867	0	761
867	0	764
867	1	867
867	0	911
868	1	868
869	0	11
869	0	81
869	0	140
869	0	336
869	0	420
869	0	627
869	0	657
869	0	696
869	1	869
870	0	627
870	1	870
871	0	142
871	1	871
871	0	986
872	0	230
872	0	328
872	0	527
872	0	549
872	0	623
872	0	829
872	1	872
873	1	873
874	1	874
875	1	875
876	1	876
877	1	877
878	0	74
878	0	131
878	0	163
878	0	173
878	0	222
878	0	321
878	0	333
878	0	367
878	0	419
878	0	509
878	0	533
878	0	547
878	0	662
878	0	739
878	1	878
879	0	194
879	0	706
879	0	710
879	1	879
879	0	922
880	0	5
880	0	505
880	0	540
880	0	699
880	0	760
880	0	782
880	0	789
880	1	880
880	0	920
881	1	881
882	1	882
882	0	906
883	1	883
884	0	125
884	0	213
884	0	255
884	0	293
884	0	312
884	0	415
884	0	585
884	0	647
884	0	761
884	1	884
884	0	888
884	0	983
885	0	249
885	1	885
886	1	886
887	1	887
888	1	888
889	0	279
889	0	499
889	0	533
889	0	545
889	0	626
889	0	879
889	1	889
889	0	922
890	0	23
890	0	31
890	0	140
890	0	159
890	0	189
890	0	213
890	0	266
890	0	279
890	0	352
890	0	359
890	0	413
890	0	492
890	0	529
890	0	542
890	0	560
890	0	628
890	0	629
890	0	630
890	0	657
890	0	684
890	0	699
890	0	774
890	0	845
890	1	890
890	0	919
891	1	891
892	1	892
893	1	893
894	1	894
895	0	860
895	1	895
896	1	896
897	0	384
897	0	531
897	0	662
897	1	897
898	1	898
899	0	213
899	0	271
899	0	449
899	0	741
899	1	899
900	0	222
900	0	501
900	0	789
900	0	862
900	1	900
900	0	992
901	1	901
902	1	902
903	0	717
903	1	903
904	0	280
904	1	904
905	1	905
906	0	392
906	0	425
906	0	882
906	1	906
907	1	907
908	0	57
908	1	908
909	0	192
909	0	271
909	0	328
909	0	590
909	0	606
909	0	608
909	0	691
909	0	834
909	1	909
909	0	922
910	1	910
911	0	29
911	0	76
911	0	89
911	0	158
911	0	165
911	0	167
911	0	208
911	0	213
911	0	231
911	0	259
911	0	304
911	0	312
911	0	355
911	0	415
911	0	438
911	0	471
911	0	556
911	0	601
911	0	741
911	0	742
911	1	911
911	0	914
912	1	912
913	1	913
914	0	7
914	0	16
914	0	31
914	0	60
914	0	64
914	0	74
914	0	89
914	0	91
914	0	119
914	0	121
914	0	135
914	0	141
914	0	156
914	0	158
914	0	164
914	0	167
914	0	184
914	0	199
914	0	247
914	0	279
914	0	315
914	0	355
914	0	370
914	0	427
914	0	461
914	0	471
914	0	529
914	0	541
914	0	590
914	0	606
914	0	628
914	0	629
914	0	646
914	0	657
914	0	683
914	0	686
914	0	717
914	0	730
914	0	738
914	0	761
914	0	764
914	0	771
914	0	850
914	0	856
914	0	911
914	1	914
914	0	919
914	0	922
914	0	951
914	0	970
914	0	979
915	1	915
916	1	916
917	0	47
917	0	498
917	0	683
917	0	757
917	1	917
918	1	918
919	0	140
919	0	158
919	0	180
919	0	273
919	0	279
919	0	449
919	0	529
919	0	549
919	0	629
919	0	655
919	0	686
919	0	850
919	0	890
919	0	914
919	1	919
920	0	13
920	0	248
920	0	380
920	0	505
920	0	540
920	0	604
920	0	642
920	0	656
920	0	723
920	0	782
920	0	795
920	0	880
920	1	920
920	0	922
920	0	976
920	0	1000
920	0	1003
921	1	921
922	0	1
922	0	52
922	0	74
922	0	119
922	0	158
922	0	192
922	0	196
922	0	213
922	0	234
922	0	247
922	0	499
922	0	516
922	0	540
922	0	541
922	0	549
922	0	590
922	0	591
922	0	608
922	0	632
922	0	686
922	0	691
922	0	706
922	0	771
922	0	879
922	0	889
922	0	909
922	0	920
922	1	922
923	0	13
923	0	121
923	0	172
923	0	198
923	0	381
923	0	409
923	0	505
923	0	515
923	0	540
923	0	643
923	0	681
923	0	701
923	1	923
923	0	1000
924	0	268
924	0	310
924	0	428
924	1	924
925	0	60
925	0	146
925	0	156
925	0	307
925	0	576
925	0	589
925	0	714
925	0	747
925	1	925
926	0	64
926	0	89
926	0	112
926	0	119
926	0	146
926	0	190
926	0	249
926	0	368
926	0	443
926	0	482
926	0	484
926	0	512
926	0	514
926	0	534
926	0	541
926	0	550
926	0	556
926	0	591
926	0	606
926	0	608
926	0	628
926	0	645
926	0	673
926	0	721
926	0	751
926	0	769
926	0	771
926	0	820
926	0	822
926	0	853
926	1	926
926	0	947
927	1	927
928	1	928
929	1	929
930	1	930
931	1	931
932	0	170
932	0	346
932	0	576
932	0	589
932	0	685
932	0	722
932	1	932
932	0	934
932	0	965
933	0	594
933	1	933
934	0	89
934	0	158
934	0	213
934	0	567
934	0	775
934	0	932
934	1	934
935	0	29
935	0	134
935	0	266
935	0	455
935	0	576
935	0	580
935	0	625
935	0	764
935	0	854
935	1	935
935	0	941
936	1	936
937	1	937
938	0	83
938	0	89
938	1	938
939	0	52
939	0	158
939	0	192
939	0	213
939	0	277
939	0	632
939	1	939
940	1	940
941	0	134
941	0	166
941	0	580
941	0	711
941	0	719
941	0	764
941	0	935
941	1	941
942	1	942
943	0	266
943	1	943
944	1	944
945	1	945
946	0	104
946	0	449
946	0	567
946	0	773
946	1	946
947	0	51
947	0	64
947	0	74
947	0	111
947	0	119
947	0	125
947	0	164
947	0	167
947	0	190
947	0	231
947	0	266
947	0	312
947	0	391
947	0	415
947	0	458
947	0	498
947	0	499
947	0	516
947	0	591
947	0	628
947	0	673
947	0	802
947	0	858
947	0	889
947	0	926
947	1	947
948	1	948
949	0	102
949	0	302
949	0	322
949	0	342
949	0	419
949	0	513
949	0	662
949	1	949
950	0	30
950	0	57
950	0	77
950	0	141
950	0	158
950	0	160
950	0	169
950	0	199
950	0	202
950	0	213
950	0	238
950	0	266
950	0	272
950	0	305
950	0	337
950	0	340
950	0	376
950	0	387
950	0	434
950	0	499
950	0	501
950	0	505
950	0	540
950	0	545
950	0	551
950	0	568
950	0	594
950	0	608
950	0	691
950	0	702
950	0	705
950	0	706
950	0	710
950	0	723
950	0	730
950	0	737
950	0	768
950	0	771
950	0	808
950	0	856
950	0	864
950	0	914
950	1	950
950	0	970
950	0	975
951	0	141
951	0	199
951	0	343
951	0	837
951	0	914
951	1	951
952	0	141
952	0	206
952	0	423
952	0	568
952	1	952
953	0	166
953	0	206
953	0	629
953	1	953
953	0	977
954	0	230
954	0	310
954	0	426
954	0	539
954	0	772
954	0	872
954	0	924
954	1	954
954	0	986
955	0	1
955	0	24
955	0	40
955	0	47
955	0	215
955	0	318
955	0	457
955	0	464
955	0	498
955	0	557
955	0	564
955	0	683
955	0	703
955	0	742
955	0	757
955	0	789
955	1	955
956	0	206
956	1	956
957	1	957
958	1	958
959	0	33
959	1	959
960	1	960
961	1	961
962	0	66
962	0	192
962	1	962
963	1	963
964	1	964
965	0	167
965	0	170
965	0	231
965	0	346
965	0	576
965	0	932
965	0	934
965	1	965
966	1	966
967	1	967
968	0	188
968	0	508
968	0	717
968	0	760
968	1	968
968	0	976
969	1	969
970	0	199
970	0	266
970	0	343
970	0	542
970	0	837
970	1	970
971	1	971
972	1	972
973	1	973
974	1	974
975	1	975
976	0	31
976	0	152
976	0	188
976	0	207
976	0	235
976	0	408
976	0	409
976	0	417
976	0	422
976	0	496
976	0	540
976	0	568
976	0	643
976	0	649
976	0	790
976	0	795
976	0	861
976	0	920
976	0	968
976	1	976
976	0	995
976	0	1000
976	0	1003
977	0	34
977	0	140
977	0	141
977	0	158
977	0	166
977	0	187
977	0	206
977	0	300
977	0	361
977	0	420
977	0	423
977	0	468
977	0	482
977	0	492
977	0	511
977	0	546
977	0	551
977	0	606
977	0	613
977	0	628
977	0	794
977	0	816
977	0	850
977	0	953
977	0	956
977	1	977
977	0	987
978	1	978
979	0	60
979	0	106
979	0	119
979	0	392
979	0	463
979	0	686
979	1	979
980	1	980
981	1	981
982	0	28
982	1	982
983	0	415
983	0	446
983	0	585
983	0	647
983	0	761
983	0	789
983	0	884
983	1	983
984	1	984
985	1	985
986	0	27
986	0	55
986	0	67
986	0	94
986	0	119
986	0	158
986	0	196
986	0	230
986	0	244
986	0	250
986	0	310
986	0	337
986	0	360
986	0	363
986	0	414
986	0	431
986	0	432
986	0	481
986	0	510
986	0	530
986	0	539
986	0	581
986	0	587
986	0	640
986	0	748
986	0	763
986	0	788
986	0	808
986	0	839
986	0	848
986	0	849
986	0	871
986	0	872
986	0	954
986	1	986
986	0	993
987	0	166
987	0	206
987	0	266
987	0	546
987	1	987
988	1	988
989	1	989
990	0	60
990	0	568
990	0	653
990	0	857
990	1	990
991	1	991
992	0	741
992	1	992
993	0	623
993	0	763
993	1	993
994	0	333
994	1	994
995	0	417
995	1	995
996	0	33
996	1	996
997	1	997
998	1	998
999	1	999
1000	0	13
1000	0	102
1000	0	105
1000	0	138
1000	0	174
1000	0	505
1000	0	531
1000	0	643
1000	0	649
1000	0	684
1000	0	699
1000	0	701
1000	0	723
1000	0	737
1000	0	827
1000	0	849
1000	0	923
1000	0	976
1000	1	1000
1001	1	1001
1002	0	400
1002	1	1002
1003	0	5
1003	0	117
1003	0	188
1003	0	334
1003	0	594
1003	0	638
1003	0	642
1003	0	723
1003	0	910
1003	0	920
1003	0	976
1003	1	1003
