0	1	0
0	0	2
0	0	41
0	0	43
0	0	134
0	0	160
0	0	311
0	0	2187
0	0	2957
1	1	1
2	0	0
2	1	2
2	0	31
2	0	35
2	0	43
2	0	59
2	0	71
2	0	134
2	0	251
2	0	2112
2	0	2771
2	0	2841
2	0	2896
2	0	2908
2	0	2909
2	0	2940
3	1	3
4	1	4
5	1	5
6	1	6
7	1	7
7	0	2520
7	0	2853
8	1	8
8	0	31
8	0	281
8	0	497
8	0	1948
8	0	2010
8	0	2071
8	0	2119
8	0	2232
8	0	2516
8	0	2527
8	0	2611
8	0	2643
8	0	2644
8	0	2669
8	0	2673
8	0	2718
8	0	2841
8	0	2852
8	0	2876
8	0	2889
8	0	2904
8	0	2911
8	0	2949
8	0	2952
8	0	2953
8	0	2968
8	0	2971
8	0	2972
8	0	2973
8	0	2974
8	0	2975
8	0	2977
8	0	2978
8	0	2979
8	0	2980
8	0	2981
8	0	2982
8	0	2983
9	1	9
10	1	10
11	0	7
11	0	8
11	1	11
11	0	31
11	0	100
11	0	365
11	0	526
11	0	2328
11	0	2449
11	0	2586
11	0	2617
11	0	2628
11	0	2643
11	0	2644
11	0	2718
11	0	2737
11	0	2771
11	0	2816
11	0	2824
11	0	2851
11	0	2908
11	0	2970
12	1	12
13	1	13
14	1	14
15	1	15
16	1	16
17	1	17
18	1	18
18	0	1970
18	0	2461
18	0	2904
18	0	2995
19	1	19
20	1	20
21	1	21
22	1	22
23	1	23
24	1	24
25	1	25
26	1	26
26	0	233
26	0	1951
26	0	2362
26	0	2489
26	0	2929
27	1	27
28	1	28
28	0	84
28	0	1900
28	0	2871
28	0	2918
29	1	29
29	0	102
30	1	30
31	0	2
31	0	7
31	1	31
31	0	218
31	0	377
31	0	429
31	0	517
31	0	546
31	0	2146
31	0	2352
31	0	2527
31	0	2643
31	0	2669
31	0	2877
31	0	2904
31	0	2908
31	0	2911
31	0	2973
31	0	2976
31	0	2988
31	0	2996
31	0	3013
31	0	3014
32	1	32
33	1	33
33	0	2461
34	1	34
35	1	35
35	0	188
36	1	36
37	1	37
38	1	38
39	1	39
40	0	2
40	1	40
40	0	175
40	0	438
40	0	522
40	0	540
40	0	1941
40	0	1947
40	0	2360
40	0	2473
40	0	2584
40	0	2670
40	0	2794
40	0	2816
40	0	2828
40	0	2911
40	0	2916
40	0	2920
40	0	2996
41	0	0
41	1	41
41	0	71
41	0	2250
41	0	2295
41	0	2696
41	0	2771
41	0	2838
41	0	2892
41	0	2913
41	0	2928
41	0	2952
42	1	42
43	1	43
43	0	102
43	0	248
44	1	44
45	1	45
46	1	46
47	1	47
48	1	48
49	1	49
49	0	2089
49	0	2648
49	0	2947
50	1	50
51	1	51
52	0	8
52	1	52
52	0	86
52	0	307
52	0	412
52	0	1977
52	0	2663
52	0	2680
52	0	2839
52	0	2882
52	0	2916
52	0	2946
52	0	2954
52	0	2967
52	0	2988
52	0	2998
53	1	53
54	1	54
55	1	55
56	1	56
56	0	2947
57	1	57
57	0	2657
58	1	58
59	1	59
59	0	307
60	1	60
61	1	61
62	1	62
62	0	556
62	0	2243
62	0	2935
63	1	63
64	1	64
65	1	65
65	0	281
66	0	31
66	1	66
66	0	68
66	0	276
66	0	317
66	0	429
66	0	2153
66	0	2403
66	0	2548
66	0	2562
66	0	2644
66	0	2757
66	0	2877
66	0	2896
66	0	2904
66	0	2934
66	0	2968
66	0	2975
66	0	2988
66	0	2996
67	1	67
67	0	322
68	1	68
69	1	69
70	1	70
71	0	2
71	0	41
71	1	71
71	0	2010
71	0	2647
72	1	72
72	0	1948
72	0	2977
73	1	73
74	1	74
75	1	75
76	1	76
77	1	77
78	1	78
79	1	79
80	1	80
81	1	81
82	1	82
82	0	2575
83	1	83
84	1	84
85	1	85
86	1	86
87	1	87
88	1	88
89	1	89
89	0	2298
90	1	90
91	1	91
92	1	92
93	1	93
94	1	94
94	0	298
94	0	524
94	0	560
94	0	1923
94	0	2043
94	0	2449
94	0	2577
94	0	2582
94	0	2696
94	0	2716
94	0	2724
94	0	2733
94	0	2841
94	0	2904
94	0	2911
95	1	95
96	1	96
97	1	97
98	1	98
99	1	99
100	1	100
100	0	175
100	0	197
100	0	281
101	1	101
102	0	29
102	0	43
102	0	71
102	1	102
102	0	108
102	0	113
102	0	276
102	0	408
102	0	436
102	0	461
102	0	494
102	0	1936
102	0	1948
102	0	1970
102	0	1989
102	0	2089
102	0	2205
102	0	2230
102	0	2239
102	0	2250
102	0	2346
102	0	2352
102	0	2403
102	0	2500
102	0	2562
102	0	2569
102	0	2674
102	0	2750
102	0	2849
102	0	2871
102	0	2885
102	0	2916
102	0	2929
102	0	2934
102	0	2974
102	0	2977
103	1	103
104	1	104
104	0	1916
104	0	2718
104	0	2775
104	0	2904
105	1	105
106	1	106
107	1	107
108	1	108
108	0	2012
109	1	109
110	1	110
111	1	111
112	1	112
113	0	102
113	1	113
113	0	2101
114	1	114
115	1	115
116	1	116
117	1	117
118	1	118
119	1	119
120	1	120
121	1	121
122	1	122
123	1	123
123	0	446
123	0	448
124	1	124
125	1	125
126	1	126
127	1	127
127	0	2301
127	0	2444
127	0	2520
127	0	2709
127	0	2841
128	1	128
129	1	129
130	1	130
130	0	2586
131	1	131
131	0	2822
132	1	132
133	1	133
134	0	0
134	0	41
134	1	134
134	0	2444
134	0	2687
134	0	2817
135	1	135
136	1	136
137	1	137
138	1	138
139	1	139
140	1	140
141	1	141
142	1	142
142	0	356
142	0	1913
143	1	143
143	0	2831
143	0	2887
144	1	144
144	0	1917
144	0	1975
144	0	2264
145	1	145
146	1	146
147	1	147
148	1	148
149	1	149
150	1	150
151	1	151
152	1	152
153	1	153
153	0	2870
154	1	154
154	0	2527
154	0	2911
155	1	155
156	1	156
157	1	157
158	1	158
159	1	159
160	0	0
160	1	160
160	0	2818
160	0	3004
161	1	161
162	1	162
162	0	2099
162	0	2317
162	0	2539
163	1	163
164	1	164
165	1	165
166	1	166
167	1	167
168	1	168
169	1	169
170	1	170
171	1	171
171	0	494
171	0	2171
171	0	2934
172	1	172
173	1	173
173	0	2562
173	0	2765
173	0	2979
174	1	174
175	0	100
175	1	175
175	0	522
175	0	2896
175	0	2934
175	0	2996
176	1	176
176	0	2340
177	1	177
178	1	178
179	1	179
179	0	181
180	1	180
181	1	181
182	1	182
183	1	183
184	1	184
185	1	185
186	1	186
187	1	187
188	0	35
188	1	188
189	1	189
190	1	190
190	0	2069
190	0	2428
191	1	191
192	0	62
192	0	84
192	0	117
192	1	192
192	0	232
192	0	281
192	0	535
192	0	1989
192	0	2298
192	0	2461
192	0	2674
192	0	2964
192	0	2977
192	0	2978
193	1	193
194	1	194
195	1	195
196	1	196
197	0	100
197	1	197
197	0	2978
198	1	198
198	0	2913
199	1	199
200	1	200
200	0	2947
201	1	201
202	1	202
202	0	474
203	1	203
203	0	481
203	0	2035
203	0	2870
203	0	2907
204	1	204
205	1	205
206	1	206
207	1	207
208	1	208
209	1	209
210	0	35
210	1	210
211	1	211
211	0	2387
212	1	212
213	1	213
213	0	2904
214	1	214
215	1	215
216	1	216
217	1	217
218	0	31
218	1	218
218	0	2512
218	0	2925
219	1	219
219	0	233
219	0	2373
219	0	2932
220	1	220
221	1	221
222	1	222
223	1	223
223	0	2955
224	1	224
225	1	225
226	1	226
227	1	227
227	0	522
228	1	228
229	1	229
230	1	230
231	1	231
232	0	192
232	1	232
232	0	1951
232	0	2141
233	0	219
233	1	233
233	0	2146
233	0	2467
233	0	2575
233	0	2579
233	0	2586
233	0	2643
233	0	2947
234	1	234
235	1	235
236	1	236
237	1	237
238	1	238
238	0	2659
239	1	239
240	1	240
241	1	241
241	0	2978
242	1	242
243	1	243
244	1	244
244	0	2214
244	0	2614
245	1	245
246	1	246
247	1	247
248	0	43
248	1	248
248	0	298
248	0	301
248	0	317
248	0	1985
248	0	2039
248	0	2065
248	0	2132
248	0	2298
248	0	2352
248	0	2405
248	0	2567
248	0	2575
248	0	2643
248	0	2674
248	0	2693
248	0	2820
248	0	2892
248	0	2904
248	0	2911
248	0	2939
248	0	2960
248	0	2976
248	0	2979
248	0	2986
248	0	2996
249	1	249
249	0	474
249	0	1900
249	0	1948
249	0	2044
249	0	2586
249	0	2996
250	1	250
251	1	251
251	0	2097
252	1	252
253	1	253
253	0	2304
253	0	2904
253	0	2947
254	1	254
255	1	255
256	0	41
256	1	256
256	0	2928
256	0	2941
257	1	257
258	1	258
259	1	259
260	1	260
261	1	261
262	1	262
263	1	263
264	1	264
265	1	265
266	1	266
267	1	267
268	1	268
269	1	269
270	1	270
271	1	271
271	0	1963
272	1	272
273	1	273
274	1	274
275	1	275
275	0	2183
275	0	2674
276	1	276
276	0	2109
277	1	277
277	0	2370
278	1	278
279	1	279
280	0	253
280	1	280
280	0	316
280	0	331
280	0	2039
280	0	2643
280	0	2674
280	0	2911
280	0	2955
280	0	2979
281	0	8
281	0	65
281	0	192
281	1	281
281	0	2695
281	0	2874
281	0	2958
282	1	282
282	0	2674
282	0	2887
283	1	283
284	1	284
285	0	201
285	1	285
286	1	286
287	1	287
288	1	288
289	1	289
290	1	290
291	1	291
292	1	292
293	1	293
293	0	2728
294	1	294
295	1	295
296	1	296
296	0	556
296	0	2202
296	0	2914
297	1	297
297	0	322
297	0	352
297	0	517
297	0	1904
297	0	2663
297	0	2684
298	0	94
298	1	298
298	0	2506
299	1	299
299	0	2988
300	1	300
301	1	301
301	0	402
302	1	302
302	0	2250
302	0	2449
302	0	2546
302	0	2879
303	1	303
304	1	304
305	1	305
306	1	306
307	0	59
307	1	307
307	0	2643
307	0	2848
307	0	2932
307	0	2972
308	1	308
308	0	2839
309	1	309
310	1	310
311	0	0
311	1	311
312	1	312
312	0	2132
313	1	313
313	0	332
314	1	314
315	1	315
316	0	306
316	1	316
316	0	2032
316	0	2515
316	0	2865
317	0	66
317	1	317
317	0	2616
318	1	318
318	0	2406
319	1	319
320	0	276
320	1	320
320	0	391
321	1	321
321	0	2352
321	0	2548
322	0	67
322	1	322
322	0	559
322	0	2281
322	0	2670
323	1	323
324	1	324
325	1	325
326	1	326
326	0	2929
327	1	327
327	0	1912
328	1	328
328	0	1946
328	0	2868
329	1	329
330	1	330
331	1	331
332	1	332
333	1	333
333	0	2934
334	1	334
335	1	335
336	0	296
336	0	316
336	1	336
336	0	366
336	0	2031
336	0	2955
336	0	2972
336	0	2979
337	1	337
337	0	2575
337	0	2633
338	1	338
338	0	2044
339	1	339
340	1	340
340	0	2124
341	1	341
341	0	388
341	0	543
341	0	2140
341	0	2370
341	0	2381
341	0	2586
341	0	2693
341	0	2909
342	1	342
343	1	343
344	1	344
345	1	345
345	0	2947
346	1	346
347	1	347
348	1	348
349	1	349
349	0	2882
350	1	350
351	1	351
351	0	2171
351	0	2840
352	0	193
352	0	297
352	1	352
353	1	353
353	0	2704
354	1	354
355	1	355
355	0	2832
356	0	142
356	1	356
356	0	1923
356	0	1948
356	0	2105
356	0	2298
356	0	2434
356	0	2635
356	0	2674
356	0	2690
356	0	2693
356	0	2757
356	0	2852
356	0	2896
356	0	2899
356	0	2913
356	0	2916
356	0	2934
356	0	2947
356	0	2955
356	0	2975
357	1	357
358	1	358
359	1	359
360	0	310
360	1	360
360	0	462
360	0	1969
360	0	2028
360	0	2140
360	0	2195
360	0	2387
360	0	2400
360	0	2748
360	0	2767
360	0	2918
360	0	2972
361	1	361
362	1	362
363	1	363
364	1	364
365	0	66
365	1	365
365	0	2680
365	0	2932
366	0	336
366	1	366
366	0	2955
367	1	367
368	1	368
369	1	369
369	0	2948
370	1	370
371	1	371
371	0	481
371	0	503
371	0	535
371	0	1900
371	0	2044
371	0	2140
371	0	2209
371	0	2515
371	0	2674
371	0	2820
371	0	2824
371	0	2871
371	0	2873
371	0	2911
371	0	2955
372	1	372
373	1	373
374	1	374
374	0	2243
375	1	375
375	0	2155
376	1	376
377	0	31
377	1	377
377	0	2870
378	1	378
379	1	379
380	1	380
381	1	381
382	1	382
383	1	383
384	1	384
385	1	385
386	1	386
387	1	387
388	0	341
388	1	388
388	0	481
388	0	493
388	0	2161
388	0	2281
388	0	2907
388	0	2961
389	1	389
390	1	390
391	0	71
391	0	320
391	1	391
391	0	2646
391	0	2991
392	0	262
392	0	345
392	1	392
392	0	1904
392	0	2273
392	0	2521
392	0	2932
392	0	2988
393	1	393
393	0	2521
393	0	2913
394	1	394
394	0	446
395	1	395
396	1	396
397	1	397
397	0	404
398	1	398
399	1	399
400	1	400
401	1	401
401	0	2012
402	0	301
402	1	402
402	0	1900
403	1	403
404	0	397
404	1	404
405	1	405
406	1	406
407	1	407
408	1	408
408	0	562
409	1	409
410	1	410
411	1	411
412	0	52
412	1	412
413	1	413
414	1	414
414	0	2955
415	1	415
416	1	416
417	1	417
418	1	418
419	1	419
420	0	299
420	1	420
420	0	2767
421	1	421
421	0	2630
422	1	422
422	0	2197
422	0	2757
422	0	2828
422	0	2934
422	0	2996
423	1	423
424	1	424
424	0	2096
425	1	425
426	1	426
427	1	427
428	1	428
429	1	429
430	1	430
430	0	1936
430	0	1948
430	0	2058
431	1	431
431	0	2918
432	1	432
433	1	433
434	1	434
435	1	435
436	1	436
436	0	2444
437	1	437
437	0	2018
437	0	2650
438	1	438
439	1	439
440	1	440
441	1	441
441	0	2896
442	1	442
443	1	443
444	1	444
445	1	445
446	0	123
446	0	394
446	1	446
446	0	2035
446	0	2064
446	0	2586
447	1	447
448	0	123
448	1	448
448	0	2851
449	1	449
450	1	450
451	1	451
452	1	452
453	1	453
453	0	2999
454	1	454
455	1	455
456	1	456
457	1	457
458	1	458
459	1	459
460	1	460
461	1	461
461	0	2969
461	0	2977
462	1	462
462	0	1940
462	0	2340
463	1	463
464	1	464
464	0	2344
465	1	465
466	1	466
467	1	467
467	0	2978
468	1	468
469	1	469
469	0	1952
470	1	470
471	1	471
472	1	472
473	0	399
473	1	473
473	0	1946
473	0	2080
473	0	2539
473	0	2670
473	0	3010
474	0	202
474	0	249
474	1	474
474	0	1929
474	0	2874
475	1	475
476	1	476
477	1	477
478	1	478
479	1	479
480	1	480
480	0	2979
481	0	193
481	0	203
481	0	371
481	0	388
481	0	462
481	1	481
481	0	2520
481	0	2820
481	0	2918
481	0	2996
481	0	3005
482	1	482
482	0	2152
482	0	2644
483	1	483
484	1	484
485	1	485
486	1	486
486	0	1929
487	1	487
488	1	488
489	1	489
490	1	490
491	1	491
492	1	492
493	0	388
493	1	493
494	0	66
494	1	494
494	0	497
494	0	2072
494	0	2154
494	0	2162
494	0	2264
494	0	2281
494	0	2374
494	0	2444
494	0	2544
494	0	2663
494	0	2698
494	0	2764
494	0	2961
495	1	495
496	1	496
497	0	494
497	1	497
498	1	498
499	1	499
500	1	500
501	1	501
501	0	2264
501	0	2301
502	1	502
503	0	371
503	1	503
503	0	2670
504	1	504
505	1	505
506	1	506
506	0	2367
506	0	2644
507	1	507
508	1	508
508	0	2042
508	0	2114
508	0	2171
508	0	2224
508	0	2357
508	0	2381
508	0	2586
508	0	2794
508	0	2918
508	0	2996
509	1	509
510	1	510
511	1	511
512	1	512
513	1	513
513	0	2093
514	1	514
515	0	452
515	1	515
515	0	2612
516	1	516
516	0	2919
517	0	297
517	1	517
517	0	2066
517	0	2819
518	1	518
519	1	519
519	0	2975
520	1	520
521	1	521
522	0	40
522	0	66
522	0	175
522	0	192
522	0	227
522	1	522
522	0	1940
522	0	1946
522	0	2201
522	0	2600
522	0	2870
522	0	2993
522	0	2998
523	1	523
524	0	18
524	0	94
524	1	524
524	0	2954
525	1	525
526	1	526
527	1	527
528	1	528
529	1	529
530	1	530
531	1	531
532	1	532
533	1	533
534	1	534
535	0	192
535	0	371
535	1	535
535	0	2064
535	0	2264
535	0	2882
536	1	536
536	0	2108
537	1	537
537	0	2396
537	0	2912
537	0	3002
538	1	538
539	1	539
539	0	2873
540	0	399
540	1	540
541	1	541
541	0	2925
542	1	542
542	0	2520
543	0	341
543	1	543
543	0	2444
544	1	544
545	1	545
545	0	1929
545	0	2044
545	0	2105
545	0	2140
545	0	2336
545	0	2586
545	0	2918
546	0	31
546	0	526
546	1	546
546	0	2042
546	0	2043
546	0	2577
547	0	127
547	1	547
547	0	2390
548	1	548
548	0	2298
549	1	549
550	1	550
551	1	551
552	1	552
553	1	553
554	1	554
554	0	1929
554	0	2965
555	1	555
556	0	62
556	0	296
556	1	556
556	0	2123
557	1	557
558	1	558
559	0	322
559	1	559
559	0	2611
559	0	2960
560	0	94
560	1	560
561	1	561
562	1	562
563	1	563
564	1	564
565	1	565
566	1	566
1899	1	1899
1900	0	28
1900	0	249
1900	0	371
1900	1	1900
1900	0	2644
1900	0	2853
1900	0	3010
1901	1	1901
1902	1	1902
1903	1	1903
1904	0	392
1904	1	1904
1904	0	2767
1904	0	2996
1905	1	1905
1906	1	1906
1907	1	1907
1908	1	1908
1909	1	1909
1910	1	1910
1911	1	1911
1912	0	327
1912	1	1912
1912	0	2933
1913	1	1913
1913	0	1929
1913	0	1957
1913	0	2592
1913	0	2947
1913	0	3006
1914	1	1914
1915	1	1915
1916	1	1916
1917	1	1917
1918	1	1918
1919	1	1919
1920	1	1920
1921	1	1921
1922	1	1922
1923	0	94
1923	1	1923
1923	0	2874
1924	1	1924
1925	0	259
1925	0	276
1925	1	1925
1925	0	2083
1926	1	1926
1926	0	2432
1926	0	2520
1927	1	1927
1928	1	1928
1929	0	474
1929	1	1929
1929	0	2401
1929	0	2805
1929	0	2893
1929	0	2907
1930	1	1930
1931	1	1931
1931	0	2178
1931	0	2785
1932	1	1932
1933	1	1933
1934	1	1934
1935	1	1935
1936	0	296
1936	0	430
1936	1	1936
1936	0	1951
1936	0	2065
1936	0	2080
1936	0	2516
1936	0	2577
1936	0	2670
1936	0	2932
1937	1	1937
1938	1	1938
1939	1	1939
1940	0	522
1940	1	1940
1940	0	2960
1940	0	2996
1941	1	1941
1941	0	2041
1942	1	1942
1943	0	127
1943	1	1943
1944	1	1944
1945	1	1945
1946	0	328
1946	0	473
1946	1	1946
1946	0	1947
1946	0	2154
1946	0	2373
1946	0	2461
1946	0	2910
1946	0	2999
1947	1	1947
1948	0	8
1948	0	72
1948	0	249
1948	0	253
1948	0	430
1948	1	1948
1948	0	1975
1948	0	2035
1948	0	2065
1948	0	2108
1948	0	2301
1948	0	2663
1948	0	2998
1949	1	1949
1950	1	1950
1951	0	26
1951	0	232
1951	0	1936
1951	1	1951
1951	0	1985
1951	0	2010
1951	0	2298
1951	0	2575
1951	0	2896
1952	0	469
1952	1	1952
1952	0	2017
1952	0	2099
1952	0	2155
1952	0	2394
1952	0	2857
1952	0	2978
1953	1	1953
1954	1	1954
1955	1	1955
1956	1	1956
1957	0	1913
1957	1	1957
1957	0	2064
1957	0	2093
1958	1	1958
1959	1	1959
1960	1	1960
1961	1	1961
1962	1	1962
1963	0	271
1963	1	1963
1964	1	1964
1965	1	1965
1966	1	1966
1967	1	1967
1968	1	1968
1969	1	1969
1970	0	18
1970	0	102
1970	1	1970
1971	1	1971
1971	0	2799
1972	1	1972
1973	1	1973
1974	1	1974
1974	0	2696
1975	0	144
1975	0	1948
1975	1	1975
1975	0	2042
1975	0	2575
1975	0	2947
1975	0	2979
1976	1	1976
1977	1	1977
1978	1	1978
1979	1	1979
1980	1	1980
1981	1	1981
1982	1	1982
1983	1	1983
1984	1	1984
1985	1	1985
1986	1	1986
1987	1	1987
1988	1	1988
1989	0	102
1989	0	192
1989	1	1989
1990	1	1990
1991	1	1991
1992	1	1992
1993	1	1993
1994	1	1994
1995	1	1995
1996	1	1996
1997	1	1997
1998	1	1998
1998	0	2461
1999	1	1999
2000	1	2000
2001	1	2001
2002	1	2002
2003	1	2003
2004	1	2004
2005	1	2005
2005	0	2955
2006	1	2006
2007	1	2007
2007	0	2537
2008	1	2008
2009	1	2009
2010	0	66
2010	0	71
2010	0	1951
2010	1	2010
2010	0	2250
2010	0	2294
2010	0	2317
2010	0	2905
2010	0	2973
2011	1	2011
2012	0	108
2012	1	2012
2012	0	2373
2012	0	2449
2013	1	2013
2014	1	2014
2015	1	2015
2016	1	2016
2017	0	1952
2017	1	2017
2017	0	2099
2017	0	2601
2017	0	2956
2017	0	3007
2018	0	276
2018	1	2018
2018	0	2088
2018	0	2947
2018	0	3012
2019	0	325
2019	1	2019
2020	1	2020
2021	1	2021
2022	1	2022
2023	1	2023
2024	1	2024
2025	1	2025
2026	1	2026
2027	1	2027
2028	0	360
2028	1	2028
2028	0	2962
2029	1	2029
2030	1	2030
2031	0	336
2031	1	2031
2031	0	2153
2031	0	2620
2032	0	316
2032	0	325
2032	1	2032
2032	0	2910
2033	1	2033
2034	1	2034
2035	0	62
2035	0	203
2035	0	446
2035	0	474
2035	0	501
2035	0	1948
2035	1	2035
2035	0	2065
2035	0	2153
2035	0	2289
2035	0	2562
2035	0	2896
2035	0	2909
2035	0	2911
2035	0	2916
2035	0	2934
2036	1	2036
2037	1	2037
2037	0	2131
2038	1	2038
2039	0	280
2039	1	2039
2039	0	2143
2039	0	2196
2039	0	2280
2040	1	2040
2041	0	1941
2041	1	2041
2041	0	2614
2041	0	2713
2041	0	2820
2042	0	546
2042	0	1975
2042	1	2042
2042	0	2658
2042	0	2954
2043	0	94
2043	1	2043
2043	0	2373
2044	0	270
2044	0	371
2044	0	508
2044	0	545
2044	1	2044
2044	0	2045
2044	0	2047
2044	0	2064
2044	0	2080
2044	0	2173
2044	0	2209
2044	0	2215
2044	0	2243
2044	0	2432
2044	0	2489
2044	0	2496
2044	0	2657
2044	0	2710
2044	0	2857
2044	0	2859
2044	0	2919
2044	0	2992
2045	0	2044
2045	1	2045
2045	0	2824
2045	0	2871
2045	0	2918
2046	1	2046
2047	1	2047
2048	1	2048
2049	1	2049
2050	1	2050
2050	0	2979
2051	1	2051
2052	1	2052
2053	1	2053
2054	1	2054
2055	1	2055
2056	1	2056
2056	0	2190
2056	0	2591
2056	0	2955
2057	1	2057
2058	0	474
2058	1	2058
2059	1	2059
2059	0	2904
2060	1	2060
2061	1	2061
2062	1	2062
2062	0	2155
2062	0	2504
2063	1	2063
2064	0	446
2064	0	1957
2064	1	2064
2064	0	2295
2064	0	2449
2064	0	2939
2065	0	248
2065	1	2065
2066	0	517
2066	1	2066
2066	0	2141
2066	0	2906
2067	1	2067
2068	1	2068
2069	0	190
2069	1	2069
2070	1	2070
2071	1	2071
2072	0	494
2072	1	2072
2072	0	2586
2072	0	2986
2073	1	2073
2074	1	2074
2075	1	2075
2076	1	2076
2077	1	2077
2078	1	2078
2079	1	2079
2080	0	2044
2080	1	2080
2080	0	2818
2081	1	2081
2082	1	2082
2082	0	2153
2082	0	2909
2083	0	1925
2083	0	1929
2083	1	2083
2084	1	2084
2084	0	2870
2085	1	2085
2086	1	2086
2087	1	2087
2088	0	2018
2088	1	2088
2089	1	2089
2089	0	2950
2090	1	2090
2091	1	2091
2092	1	2092
2093	0	1957
2093	1	2093
2093	0	2323
2093	0	2820
2093	0	2827
2093	0	2828
2093	0	2836
2093	0	2916
2093	0	2924
2094	1	2094
2095	1	2095
2096	0	424
2096	1	2096
2097	0	251
2097	1	2097
2098	1	2098
2099	0	71
2099	0	162
2099	0	1952
2099	0	2017
2099	1	2099
2099	0	2155
2099	0	2217
2099	0	2255
2099	0	2548
2099	0	2579
2099	0	2584
2099	0	2603
2099	0	2635
2099	0	2929
2099	0	2947
2100	1	2100
2101	1	2101
2102	1	2102
2103	1	2103
2104	1	2104
2105	1	2105
2106	1	2106
2107	1	2107
2108	0	536
2108	1	2108
2108	0	2970
2109	0	276
2109	1	2109
2109	0	2305
2109	0	2360
2110	1	2110
2110	0	2171
2110	0	2639
2111	1	2111
2112	0	2
2112	1	2112
2112	0	2467
2112	0	2645
2112	0	2881
2113	1	2113
2114	0	508
2114	1	2114
2114	0	2363
2115	1	2115
2116	1	2116
2117	1	2117
2118	1	2118
2119	1	2119
2119	0	2904
2120	1	2120
2121	1	2121
2122	1	2122
2123	0	371
2123	0	556
2123	1	2123
2123	0	2367
2124	1	2124
2124	0	2194
2124	0	2546
2125	1	2125
2126	1	2126
2127	1	2127
2128	1	2128
2129	1	2129
2130	0	198
2130	0	301
2130	1	2130
2130	0	2806
2130	0	2939
2131	1	2131
2131	0	2403
2131	0	2587
2132	0	248
2132	0	312
2132	1	2132
2132	0	2577
2133	1	2133
2134	1	2134
2135	1	2135
2136	1	2136
2137	1	2137
2138	1	2138
2139	1	2139
2140	0	208
2140	0	256
2140	0	341
2140	0	360
2140	0	371
2140	0	545
2140	0	2126
2140	1	2140
2140	0	2710
2140	0	2737
2140	0	2853
2140	0	2999
2141	0	232
2141	0	2066
2141	1	2141
2141	0	2696
2141	0	2743
2141	0	2955
2142	1	2142
2143	0	2039
2143	1	2143
2143	0	2947
2143	0	2975
2144	1	2144
2145	1	2145
2146	1	2146
2147	1	2147
2148	1	2148
2149	0	371
2149	1	2149
2149	0	2600
2150	1	2150
2150	0	2973
2151	1	2151
2152	0	482
2152	1	2152
2152	0	2978
2153	0	66
2153	0	2031
2153	0	2035
2153	0	2082
2153	1	2153
2153	0	2973
2154	0	102
2154	0	494
2154	0	548
2154	0	1946
2154	1	2154
2154	0	2907
2155	0	2062
2155	1	2155
2156	1	2156
2157	1	2157
2158	1	2158
2159	1	2159
2160	1	2160
2161	1	2161
2162	0	494
2162	1	2162
2162	0	2518
2162	0	2530
2162	0	2601
2163	1	2163
2163	0	2601
2164	1	2164
2165	1	2165
2166	1	2166
2167	1	2167
2168	1	2168
2169	1	2169
2170	1	2170
2171	1	2171
2171	0	2436
2171	0	2728
2172	1	2172
2173	1	2173
2174	1	2174
2174	0	2202
2174	0	2526
2174	0	2568
2174	0	2737
2174	0	2884
2175	1	2175
2176	1	2176
2177	1	2177
2178	1	2178
2178	0	2244
2178	0	2718
2178	0	2852
2178	0	2909
2179	1	2179
2180	1	2180
2181	1	2181
2182	1	2182
2183	0	275
2183	1	2183
2183	0	2297
2183	0	2771
2183	0	2942
2184	1	2184
2185	1	2185
2186	1	2186
2187	1	2187
2188	1	2188
2189	1	2189
2190	0	2056
2190	1	2190
2190	0	2734
2190	0	2853
2191	1	2191
2192	1	2192
2193	1	2193
2194	1	2194
2195	0	360
2195	1	2195
2196	0	2039
2196	1	2196
2197	1	2197
2198	1	2198
2199	1	2199
2200	1	2200
2201	1	2201
2201	0	2250
2201	0	2643
2202	0	182
2202	0	259
2202	0	296
2202	0	2174
2202	1	2202
2202	0	2779
2202	0	2899
2202	0	2934
2202	0	2939
2203	1	2203
2204	1	2204
2205	1	2205
2206	1	2206
2207	1	2207
2208	1	2208
2209	0	371
2209	0	501
2209	0	1929
2209	0	2044
2209	1	2209
2209	0	2352
2209	0	2403
2209	0	2520
2209	0	2586
2209	0	2757
2209	0	2820
2209	0	2916
2209	0	2918
2209	0	2968
2209	0	2978
2209	0	2996
2210	1	2210
2211	1	2211
2212	1	2212
2213	1	2213
2214	0	244
2214	1	2214
2214	0	2773
2215	0	2044
2215	1	2215
2216	1	2216
2217	0	2099
2217	1	2217
2218	1	2218
2219	1	2219
2220	1	2220
2221	1	2221
2222	1	2222
2223	1	2223
2224	1	2224
2225	1	2225
2226	1	2226
2227	1	2227
2228	1	2228
2229	1	2229
2230	1	2230
2231	1	2231
2232	1	2232
2233	1	2233
2234	1	2234
2235	1	2235
2236	1	2236
2237	1	2237
2238	1	2238
2239	0	102
2239	1	2239
2240	1	2240
2241	1	2241
2242	1	2242
2243	0	62
2243	0	374
2243	0	2044
2243	1	2243
2243	0	2851
2244	0	483
2244	0	2178
2244	1	2244
2245	1	2245
2246	1	2246
2247	1	2247
2248	1	2248
2249	1	2249
2250	0	41
2250	0	94
2250	0	102
2250	0	302
2250	0	2201
2250	1	2250
2250	0	2648
2251	1	2251
2252	1	2252
2253	1	2253
2254	1	2254
2255	0	2099
2255	1	2255
2256	1	2256
2257	1	2257
2258	1	2258
2259	1	2259
2259	0	2732
2259	0	2851
2259	0	2893
2260	1	2260
2261	1	2261
2262	1	2262
2263	1	2263
2264	0	144
2264	0	494
2264	0	535
2264	1	2264
2264	0	2896
2264	0	3018
2265	1	2265
2266	1	2266
2267	1	2267
2268	1	2268
2269	1	2269
2269	0	2596
2270	1	2270
2271	1	2271
2272	1	2272
2273	0	392
2273	1	2273
2273	0	2748
2274	1	2274
2275	0	2146
2275	1	2275
2276	1	2276
2277	1	2277
2278	1	2278
2279	1	2279
2280	0	2039
2280	1	2280
2281	0	322
2281	0	388
2281	0	494
2281	1	2281
2281	0	2615
2281	0	2996
2282	1	2282
2283	1	2283
2284	1	2284
2285	1	2285
2286	1	2286
2287	1	2287
2288	1	2288
2289	0	2035
2289	1	2289
2289	0	2290
2290	0	2289
2290	1	2290
2291	1	2291
2292	1	2292
2293	1	2293
2294	1	2294
2294	0	2979
2295	0	41
2295	0	2064
2295	1	2295
2296	1	2296
2297	1	2297
2298	0	89
2298	0	192
2298	0	302
2298	0	548
2298	0	1951
2298	0	2064
2298	0	2294
2298	1	2298
2298	0	2489
2299	1	2299
2300	1	2300
2301	0	127
2301	0	501
2301	0	1948
2301	1	2301
2301	0	2972
2302	1	2302
2303	1	2303
2304	0	253
2304	1	2304
2305	1	2305
2306	1	2306
2306	0	2520
2306	0	2616
2307	1	2307
2308	1	2308
2309	1	2309
2310	1	2310
2311	0	2041
2311	1	2311
2312	1	2312
2313	1	2313
2314	1	2314
2315	1	2315
2315	0	2967
2316	1	2316
2317	0	162
2317	1	2317
2317	0	2596
2318	1	2318
2319	1	2319
2320	1	2320
2321	1	2321
2322	1	2322
2323	1	2323
2324	1	2324
2325	1	2325
2325	0	2871
2326	1	2326
2327	1	2327
2328	1	2328
2329	1	2329
2330	1	2330
2331	1	2331
2332	1	2332
2333	1	2333
2334	1	2334
2335	1	2335
2336	0	545
2336	1	2336
2337	1	2337
2337	0	2779
2338	1	2338
2339	1	2339
2340	0	176
2340	0	462
2340	0	2083
2340	0	2259
2340	1	2340
2341	1	2341
2342	1	2342
2343	1	2343
2344	0	298
2344	0	464
2344	1	2344
2344	0	2584
2344	0	2643
2344	0	2696
2344	0	2820
2345	1	2345
2345	0	2644
2345	0	2818
2346	1	2346
2347	1	2347
2348	1	2348
2349	1	2349
2349	0	2916
2350	1	2350
2351	1	2351
2352	0	31
2352	0	248
2352	0	321
2352	0	2209
2352	1	2352
2352	0	2616
2352	0	2780
2352	0	2870
2353	1	2353
2354	1	2354
2355	1	2355
2356	1	2356
2357	0	508
2357	1	2357
2358	1	2358
2359	1	2359
2360	0	40
2360	0	2109
2360	0	2293
2360	0	2352
2360	1	2360
2360	0	2568
2360	0	2657
2360	0	2671
2360	0	2803
2360	0	2820
2360	0	2996
2361	1	2361
2362	0	41
2362	0	2162
2362	1	2362
2362	0	2440
2363	0	2114
2363	1	2363
2364	1	2364
2364	0	2612
2364	0	2916
2364	0	2925
2364	0	2936
2365	1	2365
2366	1	2366
2367	0	506
2367	0	2123
2367	1	2367
2367	0	2454
2367	0	2851
2368	1	2368
2369	1	2369
2369	0	2611
2369	0	2820
2370	0	277
2370	1	2370
2370	0	2647
2370	0	2963
2371	1	2371
2372	1	2372
2373	0	219
2373	0	1946
2373	0	2012
2373	0	2043
2373	1	2373
2373	0	2575
2373	0	2586
2373	0	2899
2373	0	2972
2373	0	2979
2374	0	494
2374	1	2374
2374	0	2916
2375	1	2375
2376	1	2376
2377	1	2377
2378	1	2378
2379	1	2379
2380	1	2380
2381	1	2381
2382	1	2382
2383	1	2383
2383	0	2467
2383	0	2979
2384	1	2384
2385	1	2385
2386	1	2386
2387	0	211
2387	1	2387
2388	1	2388
2389	1	2389
2390	0	547
2390	1	2390
2390	0	2934
2391	1	2391
2392	1	2392
2393	1	2393
2394	1	2394
2395	1	2395
2396	0	537
2396	1	2396
2397	1	2397
2398	1	2398
2399	1	2399
2400	1	2400
2400	0	2870
2401	0	1929
2401	1	2401
2402	1	2402
2402	0	2461
2403	0	2131
2403	0	2209
2403	1	2403
2403	0	2489
2404	1	2404
2405	1	2405
2406	0	318
2406	1	2406
2407	1	2407
2408	1	2408
2409	1	2409
2410	1	2410
2411	1	2411
2412	0	31
2412	1	2412
2413	1	2413
2414	1	2414
2415	1	2415
2416	1	2416
2417	1	2417
2418	1	2418
2419	1	2419
2420	1	2420
2421	1	2421
2422	1	2422
2423	1	2423
2424	1	2424
2424	0	2955
2425	1	2425
2426	1	2426
2427	1	2427
2428	0	190
2428	1	2428
2428	0	2601
2429	1	2429
2430	1	2430
2431	1	2431
2432	0	2044
2432	1	2432
2432	0	2824
2433	1	2433
2434	1	2434
2435	1	2435
2436	0	2171
2436	1	2436
2436	0	2485
2436	0	2771
2437	1	2437
2438	1	2438
2439	1	2439
2440	1	2440
2441	1	2441
2442	1	2442
2442	0	2913
2443	1	2443
2444	0	127
2444	0	134
2444	0	338
2444	0	436
2444	0	494
2444	0	543
2444	1	2444
2444	0	2586
2444	0	2674
2444	0	2794
2444	0	2884
2444	0	2896
2444	0	2899
2444	0	2934
2444	0	2996
2445	1	2445
2446	1	2446
2447	1	2447
2448	1	2448
2449	0	94
2449	0	302
2449	0	2012
2449	1	2449
2450	1	2450
2451	1	2451
2452	1	2452
2453	1	2453
2454	1	2454
2455	1	2455
2456	1	2456
2457	1	2457
2458	0	68
2458	0	404
2458	1	2458
2459	1	2459
2460	1	2460
2461	0	18
2461	0	33
2461	0	192
2461	1	2461
2461	0	2603
2461	0	2857
2462	1	2462
2463	1	2463
2464	1	2464
2465	1	2465
2466	1	2466
2467	0	233
2467	0	2093
2467	0	2112
2467	0	2383
2467	1	2467
2468	1	2468
2469	1	2469
2470	1	2470
2471	1	2471
2472	1	2472
2473	1	2473
2473	0	2516
2473	0	2699
2474	1	2474
2475	1	2475
2476	1	2476
2477	1	2477
2478	1	2478
2479	1	2479
2480	1	2480
2481	1	2481
2482	1	2482
2483	1	2483
2484	0	127
2484	1	2484
2485	1	2485
2486	1	2486
2487	1	2487
2488	1	2488
2489	0	26
2489	0	378
2489	0	2044
2489	0	2403
2489	1	2489
2489	0	2548
2489	0	2586
2489	0	2754
2489	0	2896
2489	0	2916
2489	0	2925
2489	0	2996
2490	1	2490
2491	1	2491
2492	1	2492
2493	0	2244
2493	1	2493
2494	1	2494
2495	1	2495
2496	0	1952
2496	0	2269
2496	1	2496
2497	1	2497
2498	1	2498
2499	1	2499
2500	0	2059
2500	0	2064
2500	1	2500
2501	1	2501
2502	1	2502
2503	1	2503
2504	0	2062
2504	1	2504
2504	0	2904
2504	0	2947
2505	1	2505
2506	0	298
2506	1	2506
2507	1	2507
2508	1	2508
2509	1	2509
2509	0	2728
2510	1	2510
2511	1	2511
2511	0	2724
2512	0	218
2512	1	2512
2513	1	2513
2514	1	2514
2515	0	316
2515	0	371
2515	1	2515
2515	0	2853
2515	0	2881
2516	0	407
2516	0	535
2516	0	2044
2516	0	2074
2516	0	2473
2516	0	2504
2516	1	2516
2516	0	2643
2516	0	2703
2516	0	2714
2516	0	2733
2516	0	2737
2516	0	2748
2516	0	2775
2516	0	2918
2517	1	2517
2518	0	2162
2518	1	2518
2519	1	2519
2520	0	7
2520	0	127
2520	0	321
2520	0	481
2520	0	482
2520	0	501
2520	0	542
2520	0	1926
2520	0	1951
2520	0	2209
2520	0	2306
2520	0	2346
2520	0	2515
2520	1	2520
2520	0	2738
2520	0	2820
2520	0	2885
2520	0	2978
2520	0	2996
2521	0	61
2521	0	392
2521	1	2521
2521	0	2616
2521	0	2680
2521	0	2899
2521	0	2913
2522	1	2522
2523	1	2523
2524	1	2524
2525	1	2525
2526	1	2526
2527	0	8
2527	0	31
2527	0	154
2527	1	2527
2528	1	2528
2529	1	2529
2530	0	2162
2530	1	2530
2531	1	2531
2532	1	2532
2533	1	2533
2534	1	2534
2535	1	2535
2536	1	2536
2537	1	2537
2538	1	2538
2539	1	2539
2540	1	2540
2541	1	2541
2542	1	2542
2543	1	2543
2544	0	494
2544	1	2544
2545	1	2545
2546	0	302
2546	1	2546
2546	0	2803
2547	1	2547
2548	0	321
2548	0	2489
2548	1	2548
2549	1	2549
2550	1	2550
2551	1	2551
2552	1	2552
2553	1	2553
2554	1	2554
2555	1	2555
2556	1	2556
2557	1	2557
2558	0	325
2558	1	2558
2558	0	2569
2559	1	2559
2560	1	2560
2561	1	2561
2562	0	66
2562	0	233
2562	0	2035
2562	0	2294
2562	1	2562
2562	0	2586
2562	0	2670
2562	0	2932
2562	0	2998
2563	1	2563
2564	1	2564
2565	1	2565
2565	0	2585
2566	1	2566
2566	0	2799
2567	1	2567
2568	0	2174
2568	1	2568
2569	0	2558
2569	1	2569
2570	1	2570
2571	1	2571
2572	1	2572
2573	1	2573
2574	1	2574
2575	0	233
2575	0	248
2575	0	337
2575	0	1951
2575	0	1975
2575	1	2575
2576	1	2576
2577	0	94
2577	0	546
2577	0	2132
2577	1	2577
2578	1	2578
2579	0	233
2579	0	2099
2579	1	2579
2580	1	2580
2581	1	2581
2582	1	2582
2583	1	2583
2583	0	2896
2583	0	2947
2584	0	49
2584	0	84
2584	0	271
2584	0	2099
2584	0	2344
2584	0	2365
2584	1	2584
2584	0	2603
2584	0	2674
2584	0	2696
2584	0	2739
2584	0	3016
2584	0	3019
2585	0	2565
2585	1	2585
2586	0	11
2586	0	66
2586	0	233
2586	0	446
2586	0	508
2586	0	545
2586	0	2072
2586	0	2209
2586	0	2373
2586	0	2444
2586	0	2489
2586	0	2562
2586	1	2586
2586	0	2663
2586	0	2673
2586	0	2690
2586	0	2853
2586	0	2984
2587	0	2131
2587	1	2587
2587	0	3011
2588	1	2588
2589	1	2589
2590	1	2590
2591	1	2591
2592	1	2592
2593	1	2593
2594	1	2594
2595	1	2595
2596	0	2269
2596	1	2596
2597	1	2597
2598	1	2598
2599	1	2599
2600	1	2600
2601	0	2017
2601	0	2162
2601	0	2163
2601	0	2428
2601	1	2601
2602	1	2602
2603	0	2099
2603	0	2461
2603	1	2603
2603	0	2611
2604	1	2604
2605	1	2605
2606	1	2606
2607	1	2607
2608	1	2608
2609	1	2609
2610	1	2610
2611	0	8
2611	0	47
2611	0	559
2611	0	2369
2611	0	2603
2611	1	2611
2611	0	2618
2612	0	515
2612	0	2364
2612	1	2612
2612	0	2887
2612	0	2929
2613	0	220
2613	1	2613
2613	0	2873
2613	0	2932
2614	1	2614
2614	0	2911
2614	0	2948
2615	0	2281
2615	1	2615
2615	0	2919
2616	0	96
2616	0	317
2616	0	2306
2616	0	2352
2616	0	2521
2616	1	2616
2616	0	2896
2616	0	2931
2616	0	2972
2617	0	2562
2617	1	2617
2617	0	2674
2618	0	2611
2618	1	2618
2619	1	2619
2620	0	2031
2620	1	2620
2621	1	2621
2621	0	3008
2622	1	2622
2623	0	241
2623	0	1929
2623	1	2623
2624	1	2624
2625	1	2625
2626	1	2626
2627	1	2627
2628	0	11
2628	0	2131
2628	1	2628
2628	0	2973
2628	0	2978
2629	1	2629
2630	1	2630
2630	0	2977
2631	1	2631
2632	1	2632
2633	0	337
2633	1	2633
2634	1	2634
2635	0	2099
2635	1	2635
2636	1	2636
2637	1	2637
2638	1	2638
2639	0	2110
2639	1	2639
2640	1	2640
2641	1	2641
2641	0	2906
2642	1	2642
2643	0	11
2643	0	31
2643	0	233
2643	0	248
2643	0	280
2643	0	307
2643	0	455
2643	0	2201
2643	0	2344
2643	0	2516
2643	1	2643
2643	0	2675
2643	0	2718
2643	0	2765
2643	0	2876
2643	0	2987
2643	0	2998
2644	0	8
2644	0	41
2644	0	66
2644	0	241
2644	0	482
2644	0	506
2644	0	1900
2644	0	2345
2644	1	2644
2644	0	2718
2644	0	2734
2644	0	2910
2645	0	251
2645	0	2112
2645	1	2645
2645	0	2677
2646	0	391
2646	1	2646
2647	0	71
2647	0	2370
2647	1	2647
2648	0	49
2648	0	2250
2648	1	2648
2649	1	2649
2650	0	437
2650	0	1947
2650	1	2650
2651	1	2651
2652	1	2652
2653	1	2653
2654	1	2654
2655	1	2655
2656	1	2656
2657	0	57
2657	0	2044
2657	0	2360
2657	1	2657
2658	0	2042
2658	1	2658
2659	0	238
2659	1	2659
2660	0	525
2660	0	2314
2660	1	2660
2661	1	2661
2662	1	2662
2663	0	52
2663	0	290
2663	0	297
2663	0	494
2663	0	1948
2663	0	1970
2663	1	2663
2664	1	2664
2665	1	2665
2666	1	2666
2667	1	2667
2668	1	2668
2669	1	2669
2670	0	322
2670	0	473
2670	0	503
2670	0	542
2670	0	1936
2670	0	2400
2670	0	2630
2670	1	2670
2670	0	2675
2670	0	2877
2671	0	2360
2671	1	2671
2672	1	2672
2673	0	2586
2673	1	2673
2673	0	2674
2673	0	2690
2674	0	102
2674	0	192
2674	0	248
2674	0	275
2674	0	280
2674	0	282
2674	0	356
2674	0	371
2674	0	2444
2674	0	2584
2674	0	2617
2674	0	2673
2674	1	2674
2674	0	2690
2674	0	2737
2675	1	2675
2675	0	2718
2675	0	2929
2676	1	2676
2677	0	2645
2677	1	2677
2678	1	2678
2679	1	2679
2680	1	2680
2680	0	2955
2681	1	2681
2682	1	2682
2683	1	2683
2683	0	2911
2684	0	297
2684	1	2684
2685	1	2685
2686	0	41
2686	0	2364
2686	0	2514
2686	1	2686
2687	1	2687
2688	1	2688
2689	1	2689
2690	0	356
2690	0	2586
2690	0	2673
2690	0	2674
2690	1	2690
2691	1	2691
2692	1	2692
2693	0	251
2693	0	301
2693	0	341
2693	0	356
2693	1	2693
2693	0	2939
2694	1	2694
2695	1	2695
2696	0	41
2696	0	94
2696	0	1974
2696	0	2141
2696	0	2344
2696	0	2584
2696	1	2696
2696	0	2724
2697	1	2697
2698	1	2698
2698	0	2816
2699	0	2473
2699	1	2699
2700	1	2700
2701	1	2701
2702	1	2702
2703	1	2703
2704	0	2044
2704	1	2704
2705	1	2705
2706	1	2706
2706	0	2803
2707	1	2707
2708	1	2708
2709	0	127
2709	1	2709
2709	0	2966
2710	0	2140
2710	1	2710
2710	0	2999
2711	1	2711
2712	1	2712
2713	0	2041
2713	1	2713
2714	0	2080
2714	0	2516
2714	1	2714
2714	0	2873
2714	0	2932
2714	0	2967
2715	1	2715
2716	1	2716
2717	1	2717
2717	0	2911
2718	0	8
2718	0	11
2718	0	66
2718	0	104
2718	0	2099
2718	0	2178
2718	0	2643
2718	0	2644
2718	0	2675
2718	1	2718
2718	0	2765
2719	1	2719
2720	1	2720
2721	1	2721
2722	1	2722
2723	1	2723
2724	0	94
2724	0	2511
2724	0	2696
2724	1	2724
2724	0	2944
2725	1	2725
2726	1	2726
2727	0	2000
2727	1	2727
2727	0	2949
2728	0	293
2728	1	2728
2729	1	2729
2730	1	2730
2731	1	2731
2732	0	2259
2732	1	2732
2733	1	2733
2733	0	2778
2733	0	2887
2734	0	2644
2734	1	2734
2734	0	2816
2735	1	2735
2736	1	2736
2737	0	11
2737	0	2140
2737	0	2174
2737	0	2516
2737	0	2674
2737	1	2737
2737	0	2934
2737	0	2973
2738	0	2520
2738	1	2738
2739	1	2739
2740	1	2740
2741	1	2741
2742	1	2742
2743	0	2141
2743	1	2743
2744	0	2131
2744	1	2744
2745	1	2745
2746	0	41
2746	1	2746
2747	0	399
2747	1	2747
2748	1	2748
2749	1	2749
2750	1	2750
2751	1	2751
2752	0	484
2752	1	2752
2753	1	2753
2754	0	2489
2754	1	2754
2755	1	2755
2756	1	2756
2757	0	338
2757	0	2161
2757	0	2397
2757	1	2757
2758	1	2758
2759	1	2759
2760	1	2760
2761	1	2761
2762	1	2762
2763	1	2763
2764	0	494
2764	0	2314
2764	1	2764
2765	0	173
2765	0	2643
2765	0	2718
2765	1	2765
2766	1	2766
2767	0	420
2767	0	1904
2767	1	2767
2768	0	2663
2768	1	2768
2769	1	2769
2770	1	2770
2771	0	11
2771	0	41
2771	0	437
2771	0	2436
2771	0	2514
2771	0	2750
2771	1	2771
2771	0	2840
2772	1	2772
2773	0	2214
2773	1	2773
2774	0	546
2774	1	2774
2775	0	104
2775	1	2775
2776	1	2776
2777	1	2777
2778	0	2733
2778	1	2778
2778	0	2831
2778	0	2901
2779	1	2779
2780	1	2780
2781	1	2781
2782	1	2782
2783	1	2783
2784	1	2784
2785	0	2768
2785	1	2785
2786	1	2786
2787	1	2787
2788	1	2788
2789	1	2789
2790	1	2790
2791	1	2791
2792	1	2792
2793	1	2793
2794	1	2794
2795	1	2795
2796	1	2796
2797	1	2797
2798	1	2798
2799	1	2799
2800	1	2800
2801	1	2801
2802	1	2802
2803	0	2146
2803	0	2280
2803	0	2360
2803	0	2706
2803	1	2803
2803	0	2896
2804	1	2804
2805	1	2805
2806	1	2806
2806	0	2939
2807	1	2807
2808	1	2808
2809	1	2809
2810	1	2810
2811	1	2811
2812	1	2812
2813	1	2813
2814	1	2814
2815	1	2815
2816	0	2734
2816	1	2816
2817	1	2817
2818	0	41
2818	0	49
2818	0	160
2818	0	2080
2818	0	2345
2818	0	2557
2818	1	2818
2818	0	2929
2818	0	3004
2819	0	517
2819	1	2819
2820	0	154
2820	0	248
2820	0	307
2820	0	371
2820	0	481
2820	0	545
2820	0	2012
2820	0	2041
2820	0	2093
2820	0	2209
2820	0	2258
2820	0	2360
2820	0	2369
2820	1	2820
2820	0	2864
2820	0	2919
2821	1	2821
2822	0	131
2822	1	2822
2823	1	2823
2824	0	2444
2824	1	2824
2824	0	2915
2825	1	2825
2826	1	2826
2827	0	2093
2827	1	2827
2828	0	2093
2828	1	2828
2828	0	2925
2829	1	2829
2830	1	2830
2831	0	143
2831	0	2778
2831	1	2831
2831	0	2955
2832	0	355
2832	1	2832
2833	0	237
2833	1	2833
2834	0	2833
2834	1	2834
2835	1	2835
2836	1	2836
2837	1	2837
2838	0	41
2838	1	2838
2839	0	308
2839	1	2839
2840	0	351
2840	0	2771
2840	1	2840
2841	0	2
2841	0	127
2841	1	2841
2842	1	2842
2843	1	2843
2844	1	2844
2845	0	2250
2845	1	2845
2846	1	2846
2847	1	2847
2848	0	62
2848	0	307
2848	1	2848
2849	0	102
2849	1	2849
2849	0	2854
2849	0	2955
2850	1	2850
2851	0	11
2851	0	448
2851	0	450
2851	0	459
2851	0	512
2851	0	1929
2851	0	2047
2851	0	2243
2851	0	2250
2851	0	2259
2851	0	2367
2851	0	2844
2851	1	2851
2851	0	2990
2852	0	41
2852	0	253
2852	0	2159
2852	0	2178
2852	0	2183
2852	0	2449
2852	1	2852
2853	0	7
2853	0	174
2853	0	219
2853	0	536
2853	0	1900
2853	0	2140
2853	0	2190
2853	0	2515
2853	0	2586
2853	1	2853
2853	0	2896
2853	0	2911
2853	0	2918
2853	0	2929
2853	0	2947
2853	0	2949
2854	1	2854
2855	1	2855
2856	1	2856
2857	0	2461
2857	1	2857
2858	0	143
2858	1	2858
2859	1	2859
2860	1	2860
2861	1	2861
2862	1	2862
2863	1	2863
2864	1	2864
2865	0	316
2865	1	2865
2866	1	2866
2867	1	2867
2868	0	323
2868	0	328
2868	1	2868
2869	1	2869
2870	0	7
2870	0	35
2870	0	68
2870	0	153
2870	0	176
2870	0	203
2870	0	298
2870	0	377
2870	0	436
2870	0	522
2870	0	526
2870	0	1907
2870	0	1930
2870	0	1932
2870	0	1990
2870	0	2039
2870	0	2041
2870	0	2084
2870	0	2149
2870	0	2230
2870	0	2289
2870	0	2328
2870	0	2352
2870	0	2355
2870	0	2370
2870	0	2387
2870	0	2399
2870	0	2400
2870	0	2434
2870	0	2462
2870	0	2500
2870	0	2515
2870	0	2519
2870	0	2527
2870	0	2537
2870	0	2542
2870	0	2586
2870	0	2630
2870	0	2669
2870	0	2673
2870	0	2677
2870	0	2733
2870	0	2774
2870	0	2841
2870	1	2870
2870	0	2904
2870	0	2913
2870	0	2916
2870	0	2949
2870	0	2951
2870	0	2953
2870	0	2959
2870	0	2963
2870	0	2968
2870	0	2970
2870	0	2971
2870	0	2977
2870	0	2978
2870	0	2980
2871	0	28
2871	0	371
2871	0	2325
2871	1	2871
2872	1	2872
2873	0	232
2873	0	467
2873	0	539
2873	0	2613
2873	0	2714
2873	1	2873
2874	0	62
2874	0	281
2874	0	474
2874	0	1923
2874	1	2874
2875	1	2875
2876	0	8
2876	0	11
2876	0	258
2876	0	2643
2876	1	2876
2876	0	2887
2876	0	2888
2876	0	2907
2876	0	2911
2876	0	2917
2876	0	2922
2877	0	31
2877	0	66
2877	0	2670
2877	0	2767
2877	1	2877
2877	0	2904
2877	0	2923
2877	0	2950
2878	1	2878
2879	0	302
2879	0	2394
2879	1	2879
2879	0	2929
2880	1	2880
2881	1	2881
2882	0	349
2882	1	2882
2882	0	2979
2883	1	2883
2884	0	2174
2884	1	2884
2885	0	102
2885	0	2520
2885	0	2799
2885	1	2885
2885	0	2911
2886	1	2886
2887	0	84
2887	0	142
2887	0	143
2887	0	282
2887	0	474
2887	0	1929
2887	0	2042
2887	0	2224
2887	0	2562
2887	0	2577
2887	0	2612
2887	0	2731
2887	0	2733
2887	0	2876
2887	1	2887
2887	0	2888
2887	0	2908
2887	0	2913
2887	0	2917
2888	1	2888
2889	1	2889
2890	1	2890
2891	1	2891
2892	0	41
2892	0	248
2892	1	2892
2893	0	1929
2893	0	2154
2893	0	2259
2893	0	2263
2893	0	2399
2893	0	2630
2893	0	2673
2893	0	2677
2893	0	2767
2893	0	2848
2893	1	2893
2894	1	2894
2895	0	1929
2895	1	2895
2895	0	2896
2896	0	2
2896	0	66
2896	0	173
2896	0	175
2896	0	227
2896	0	277
2896	0	356
2896	0	1951
2896	0	2264
2896	0	2583
2896	0	2616
2896	0	2710
2896	0	2803
2896	0	2895
2896	1	2896
2896	0	3010
2897	1	2897
2898	1	2898
2899	0	331
2899	0	393
2899	0	2373
2899	0	2444
2899	0	2521
2899	1	2899
2900	1	2900
2901	0	2778
2901	1	2901
2902	1	2902
2903	1	2903
2904	0	2059
2904	0	2060
2904	0	2119
2904	0	2504
2904	0	2751
2904	1	2904
2905	1	2905
2906	0	2066
2906	0	2641
2906	1	2906
2907	0	203
2907	0	388
2907	0	1909
2907	0	1929
2907	0	2154
2907	0	2365
2907	0	2579
2907	0	2876
2907	1	2907
2907	0	2996
2908	0	2
2908	0	31
2908	0	2887
2908	1	2908
2909	0	336
2909	0	341
2909	0	2082
2909	0	2178
2909	0	2779
2909	1	2909
2910	0	84
2910	0	341
2910	0	355
2910	0	1946
2910	0	2032
2910	0	2644
2910	1	2910
2911	0	8
2911	0	31
2911	0	94
2911	0	154
2911	0	248
2911	0	371
2911	0	517
2911	0	2521
2911	0	2614
2911	0	2660
2911	0	2683
2911	0	2717
2911	0	2839
2911	0	2853
2911	0	2876
2911	0	2885
2911	0	2908
2911	1	2911
2911	0	2917
2911	0	3007
2912	1	2912
2913	0	41
2913	0	198
2913	0	393
2913	0	2442
2913	0	2857
2913	1	2913
2913	0	2916
2914	0	296
2914	1	2914
2915	0	2824
2915	1	2915
2916	0	302
2916	0	2045
2916	0	2093
2916	0	2349
2916	0	2364
2916	0	2374
2916	0	2521
2916	0	2913
2916	1	2916
2917	0	2876
2917	0	2887
2917	0	2888
2917	1	2917
2917	0	2926
2918	0	2045
2918	1	2918
2919	0	501
2919	0	516
2919	0	2044
2919	0	2615
2919	1	2919
2920	1	2920
2921	0	2820
2921	1	2921
2922	1	2922
2923	1	2923
2924	1	2924
2925	0	218
2925	0	541
2925	0	2364
2925	0	2489
2925	0	2708
2925	0	2828
2925	1	2925
2926	1	2926
2927	0	2139
2927	1	2927
2927	0	2938
2928	1	2928
2929	0	31
2929	0	43
2929	0	49
2929	0	84
2929	0	87
2929	0	154
2929	0	213
2929	0	253
2929	0	276
2929	0	298
2929	0	321
2929	0	326
2929	0	331
2929	0	336
2929	0	340
2929	0	344
2929	0	355
2929	0	392
2929	0	397
2929	0	474
2929	0	538
2929	0	548
2929	0	559
2929	0	1899
2929	0	1929
2929	0	1956
2929	0	1963
2929	0	1976
2929	0	1985
2929	0	1989
2929	0	1998
2929	0	2039
2929	0	2041
2929	0	2057
2929	0	2066
2929	0	2099
2929	0	2108
2929	0	2132
2929	0	2172
2929	0	2212
2929	0	2224
2929	0	2250
2929	0	2298
2929	0	2315
2929	0	2317
2929	0	2337
2929	0	2370
2929	0	2438
2929	0	2467
2929	0	2496
2929	0	2499
2929	0	2505
2929	0	2507
2929	0	2518
2929	0	2521
2929	0	2526
2929	0	2546
2929	0	2558
2929	0	2577
2929	0	2583
2929	0	2593
2929	0	2596
2929	0	2612
2929	0	2613
2929	0	2635
2929	0	2660
2929	0	2675
2929	0	2690
2929	0	2803
2929	0	2810
2929	0	2816
2929	0	2818
2929	0	2827
2929	0	2845
2929	0	2873
2929	0	2889
2929	0	2892
2929	0	2916
2929	0	2922
2929	0	2928
2929	1	2929
2929	0	2930
2930	1	2930
2931	1	2931
2932	0	219
2932	0	307
2932	0	392
2932	0	524
2932	0	1936
2932	0	1948
2932	0	2105
2932	0	2193
2932	0	2562
2932	0	2613
2932	0	2714
2932	0	2871
2932	1	2932
2932	0	2947
2932	0	2967
2932	0	2977
2932	0	2997
2933	0	58
2933	1	2933
2933	0	3009
2934	0	66
2934	0	171
2934	0	333
2934	0	356
2934	0	2737
2934	0	2848
2934	1	2934
2934	0	2984
2935	1	2935
2936	0	2110
2936	1	2936
2937	0	2216
2937	1	2937
2938	1	2938
2939	0	2130
2939	0	2806
2939	1	2939
2939	0	2978
2940	1	2940
2941	1	2941
2942	1	2942
2942	0	2943
2943	1	2943
2944	1	2944
2945	0	2934
2945	1	2945
2946	1	2946
2947	0	49
2947	0	253
2947	0	345
2947	0	1913
2947	0	2143
2947	0	2271
2947	0	2504
2947	0	2583
2947	0	2853
2947	0	2870
2947	0	2932
2947	1	2947
2948	0	369
2948	0	2614
2948	1	2948
2949	1	2949
2950	0	174
2950	0	219
2950	0	296
2950	0	1924
2950	0	2043
2950	0	2089
2950	0	2104
2950	0	2112
2950	0	2170
2950	0	2431
2950	0	2733
2950	0	2842
2950	0	2877
2950	1	2950
2950	0	2960
2950	0	2972
2950	0	2979
2951	1	2951
2952	0	41
2952	1	2952
2952	0	2994
2953	1	2953
2954	0	524
2954	0	2042
2954	1	2954
2955	0	140
2955	0	223
2955	0	233
2955	0	280
2955	0	336
2955	0	356
2955	0	366
2955	0	371
2955	0	414
2955	0	2050
2955	0	2056
2955	0	2064
2955	0	2141
2955	0	2424
2955	0	2584
2955	0	2680
2955	0	2831
2955	0	2849
2955	1	2955
2956	0	2017
2956	1	2956
2957	0	0
2957	1	2957
2958	1	2958
2959	1	2959
2960	0	248
2960	0	559
2960	0	2950
2960	1	2960
2961	0	388
2961	0	494
2961	1	2961
2962	1	2962
2963	0	2370
2963	1	2963
2964	1	2964
2965	1	2965
2966	1	2966
2967	0	2315
2967	0	2932
2967	1	2967
2968	0	8
2968	0	2209
2968	1	2968
2969	0	2741
2969	0	2964
2969	1	2969
2969	0	2977
2970	0	2108
2970	1	2970
2971	1	2971
2972	0	94
2972	0	307
2972	0	340
2972	0	2301
2972	0	2870
2972	0	2950
2972	1	2972
2972	0	2986
2972	0	2988
2973	0	8
2973	0	31
2973	0	2010
2973	0	2150
2973	0	2153
2973	0	2502
2973	0	2628
2973	0	2737
2973	1	2973
2974	1	2974
2975	0	66
2975	0	356
2975	0	519
2975	0	2143
2975	0	2870
2975	0	2932
2975	0	2954
2975	1	2975
2976	1	2976
2977	0	72
2977	0	192
2977	0	461
2977	0	2630
2977	1	2977
2978	0	8
2978	0	192
2978	0	197
2978	0	241
2978	0	467
2978	0	1952
2978	0	2152
2978	0	2209
2978	0	2336
2978	0	2520
2978	0	2628
2978	0	2870
2978	0	2939
2978	1	2978
2978	0	2985
2979	0	8
2979	0	89
2979	0	173
2979	0	248
2979	0	280
2979	0	336
2979	0	1975
2979	0	2050
2979	0	2133
2979	0	2196
2979	0	2294
2979	0	2373
2979	0	2383
2979	0	2508
2979	0	2614
2979	0	2882
2979	0	2950
2979	0	2958
2979	1	2979
2980	0	2870
2980	1	2980
2981	1	2981
2982	1	2982
2983	0	2845
2983	1	2983
2984	0	2586
2984	0	2934
2984	1	2984
2985	1	2985
2986	0	248
2986	0	2072
2986	0	2929
2986	0	2972
2986	1	2986
2987	0	2643
2987	1	2987
2988	0	52
2988	0	66
2988	0	299
2988	0	392
2988	0	522
2988	0	2044
2988	0	2352
2988	0	2972
2988	1	2988
2989	0	276
2989	0	2317
2989	1	2989
2990	1	2990
2991	1	2991
2992	0	2044
2992	0	2357
2992	1	2992
2993	1	2993
2994	0	2952
2994	1	2994
2995	1	2995
2996	0	40
2996	0	175
2996	0	422
2996	0	481
2996	0	508
2996	0	1904
2996	0	2209
2996	0	2281
2996	0	2360
2996	0	2380
2996	0	2444
2996	0	2489
2996	0	2520
2996	0	2907
2996	1	2996
2997	1	2997
2998	0	52
2998	0	522
2998	0	1948
2998	0	2562
2998	0	2643
2998	1	2998
2998	0	3015
2999	0	453
2999	0	1946
2999	0	2140
2999	0	2710
2999	1	2999
3000	1	3000
3000	0	3001
3001	0	3000
3001	1	3001
3002	1	3002
3003	0	436
3003	1	3003
3004	0	160
3004	0	2818
3004	1	3004
3005	1	3005
3006	0	1913
3006	0	2406
3006	1	3006
3007	0	2017
3007	0	2911
3007	1	3007
3008	0	2621
3008	0	2916
3008	1	3008
3009	1	3009
3010	0	1900
3010	0	2896
3010	1	3010
3011	1	3011
3012	1	3012
3013	1	3013
3014	1	3014
3015	1	3015
3016	1	3016
3017	0	219
3017	0	392
3017	1	3017
3018	1	3018
3019	0	276
3019	0	388
3019	0	2336
3019	0	2520
3019	1	3019
3020	1	3020
3021	1	3021
3022	1	3022
3023	1	3023
3024	1	3024
3025	1	3025
3026	1	3026
3027	1	3027
3028	1	3028
3029	1	3029
3030	1	3030
3031	1	3031
3032	1	3032
3033	1	3033
3034	1	3034
3035	1	3035
3036	1	3036
3037	1	3037
3038	1	3038
3039	1	3039
3040	1	3040
3041	1	3041
3042	1	3042
3043	1	3043
3044	1	3044
3045	1	3045
3046	1	3046
3047	1	3047
3048	1	3048
3049	1	3049
3050	1	3050
3051	1	3051
3052	1	3052
3053	1	3053
3054	1	3054
3055	1	3055
3056	1	3056
3057	1	3057
3058	1	3058
3059	1	3059
3060	1	3060
3061	1	3061
3062	1	3062
3063	1	3063
3064	1	3064
3065	1	3065
3066	1	3066
3067	1	3067
3068	1	3068
3069	1	3069
3070	1	3070
3071	1	3071
3072	1	3072
3073	1	3073
3074	1	3074
3075	1	3075
3076	1	3076
3077	1	3077
3078	1	3078
3079	1	3079
3080	1	3080
3081	1	3081
3082	1	3082
3083	1	3083
3084	1	3084
3085	1	3085
3086	1	3086
3087	1	3087
3088	1	3088
3089	1	3089
3090	1	3090
3091	1	3091
3092	1	3092
3093	1	3093
3094	1	3094
3095	1	3095
3096	1	3096
3097	1	3097
3098	1	3098
3099	1	3099
3100	1	3100
3101	1	3101
3102	1	3102
3103	1	3103
3104	1	3104
3105	1	3105
3106	1	3106
3107	1	3107
3108	1	3108
3109	1	3109
3110	1	3110
3111	1	3111
3112	1	3112
3113	1	3113
3114	1	3114
3115	1	3115
3116	1	3116
3117	1	3117
3118	1	3118
3119	1	3119
3120	1	3120
3121	1	3121
3122	1	3122
3123	1	3123
3124	1	3124
3125	1	3125
3126	1	3126
3127	1	3127
3128	1	3128
3129	1	3129
3130	1	3130
3131	1	3131
3132	1	3132
3133	1	3133
3134	1	3134
3135	1	3135
3136	1	3136
3137	1	3137
3138	1	3138
3139	1	3139
3140	1	3140
3141	1	3141
3142	1	3142
3143	1	3143
3144	1	3144
3145	1	3145
3146	1	3146
3147	1	3147
3148	1	3148
3149	1	3149
3150	1	3150
3151	1	3151
3152	1	3152
3153	1	3153
3154	1	3154
3155	1	3155
3156	1	3156
3157	1	3157
3158	1	3158
3159	1	3159
3160	1	3160
3161	1	3161
3162	1	3162
3163	1	3163
3164	1	3164
3165	1	3165
3166	1	3166
3167	1	3167
3168	1	3168
3169	1	3169
3170	1	3170
3171	1	3171
3172	1	3172
3173	1	3173
3174	1	3174
3175	1	3175
3176	1	3176
3177	1	3177
3178	1	3178
3179	1	3179
3180	1	3180
3181	1	3181
3182	1	3182
3183	1	3183
3184	1	3184
3185	1	3185
3186	1	3186
3187	1	3187
3188	1	3188
3189	1	3189
3190	1	3190
3191	1	3191
3192	1	3192
3193	1	3193
3194	1	3194
3195	1	3195
3196	1	3196
3197	1	3197
3198	1	3198
3199	1	3199
3200	1	3200
3201	1	3201
3202	1	3202
3203	1	3203
3204	1	3204
3205	1	3205
3206	1	3206
3207	1	3207
3208	1	3208
3209	1	3209
3210	1	3210
3211	1	3211
3212	1	3212
3213	1	3213
3214	1	3214
3215	1	3215
3216	1	3216
3217	1	3217
3218	1	3218
3219	1	3219
3220	1	3220
3221	1	3221
3222	1	3222
3223	1	3223
3224	1	3224
3225	1	3225
3226	1	3226
3227	1	3227
3228	1	3228
3229	1	3229
3230	1	3230
