0	1	0
0	0	29
0	0	100
0	0	145
0	0	210
0	0	254
0	0	301
0	0	396
0	0	476
1	1	1
2	1	2
2	0	50
2	0	87
2	0	131
2	0	154
2	0	220
2	0	307
2	0	617
3	1	3
4	1	4
5	1	5
5	0	47
5	0	72
5	0	83
5	0	87
5	0	121
5	0	123
5	0	220
5	0	251
5	0	277
5	0	298
5	0	324
5	0	334
5	0	342
5	0	375
5	0	377
5	0	403
5	0	412
5	0	471
5	0	478
5	0	480
5	0	514
5	0	539
5	0	565
5	0	577
5	0	590
5	0	596
5	0	602
5	0	635
5	0	641
6	1	6
7	1	7
7	0	31
7	0	163
7	0	253
7	0	348
7	0	394
7	0	402
8	0	7
8	1	8
8	0	31
8	0	33
8	0	51
8	0	60
8	0	75
8	0	77
8	0	85
8	0	87
8	0	96
8	0	100
8	0	126
8	0	131
8	0	134
8	0	143
8	0	174
8	0	176
8	0	193
8	0	208
8	0	211
8	0	215
8	0	232
8	0	234
8	0	243
8	0	250
8	0	259
8	0	261
8	0	281
8	0	287
8	0	293
8	0	298
8	0	307
8	0	310
8	0	314
8	0	315
8	0	317
8	0	329
8	0	357
8	0	365
8	0	367
8	0	370
8	0	385
8	0	388
8	0	390
8	0	404
8	0	408
8	0	410
8	0	459
8	0	462
8	0	464
8	0	465
8	0	471
8	0	481
8	0	501
8	0	513
8	0	526
8	0	527
8	0	542
8	0	565
8	0	568
8	0	597
8	0	600
8	0	606
8	0	625
8	0	635
8	0	637
8	0	639
8	0	657
8	0	682
9	1	9
10	1	10
11	0	7
11	1	11
11	0	80
11	0	89
11	0	100
11	0	141
11	0	147
11	0	167
11	0	174
11	0	259
11	0	287
11	0	299
11	0	301
11	0	315
11	0	342
11	0	354
11	0	359
11	0	388
11	0	390
11	0	401
11	0	479
11	0	501
11	0	526
11	0	568
11	0	592
11	0	657
12	1	12
13	1	13
14	1	14
15	1	15
16	1	16
17	1	17
18	0	7
18	1	18
18	0	51
18	0	64
18	0	108
18	0	133
18	0	232
18	0	264
18	0	301
18	0	330
18	0	364
18	0	395
18	0	408
18	0	418
18	0	419
18	0	442
18	0	445
18	0	450
18	0	477
18	0	479
18	0	480
18	0	511
18	0	518
18	0	526
18	0	537
18	0	565
18	0	592
18	0	597
18	0	600
19	1	19
19	0	20
19	0	274
20	1	20
21	1	21
22	1	22
23	1	23
24	1	24
25	1	25
26	1	26
26	0	183
26	0	193
26	0	220
26	0	405
26	0	413
26	0	421
26	0	455
26	0	619
27	1	27
28	1	28
28	0	442
28	0	653
29	1	29
29	0	71
29	0	102
29	0	391
30	1	30
31	0	7
31	1	31
31	0	51
31	0	57
31	0	62
31	0	87
31	0	143
31	0	153
31	0	183
31	0	208
31	0	236
31	0	242
31	0	262
31	0	290
31	0	307
31	0	377
31	0	395
31	0	428
31	0	429
31	0	473
31	0	526
31	0	597
31	0	625
31	0	635
32	1	32
33	1	33
33	0	87
33	0	100
33	0	241
33	0	298
33	0	310
33	0	312
33	0	317
33	0	323
33	0	334
33	0	342
33	0	364
33	0	501
33	0	526
33	0	582
34	1	34
35	0	2
35	0	5
35	0	33
35	1	35
35	0	72
35	0	74
35	0	118
35	0	127
35	0	154
35	0	188
35	0	210
35	0	221
35	0	235
35	0	253
35	0	258
35	0	284
35	0	290
35	0	295
35	0	298
35	0	360
35	0	399
35	0	400
35	0	412
35	0	427
35	0	510
35	0	546
35	0	597
35	0	600
35	0	613
35	0	624
36	1	36
37	1	37
37	0	51
37	0	100
37	0	127
37	0	147
37	0	167
37	0	174
37	0	176
37	0	232
37	0	269
37	0	287
37	0	301
37	0	312
37	0	364
37	0	377
37	0	385
37	0	392
37	0	404
37	0	408
37	0	436
37	0	463
37	0	474
37	0	477
37	0	501
37	0	526
37	0	591
37	0	625
38	1	38
39	1	39
40	0	31
40	1	40
40	0	75
40	0	89
40	0	96
40	0	100
40	0	119
40	0	173
40	0	183
40	0	247
40	0	249
40	0	250
40	0	255
40	0	262
40	0	264
40	0	269
40	0	279
40	0	299
40	0	307
40	0	324
40	0	342
40	0	352
40	0	354
40	0	370
40	0	374
40	0	379
40	0	380
40	0	381
40	0	382
40	0	388
40	0	390
40	0	391
40	0	395
40	0	406
40	0	418
40	0	436
40	0	451
40	0	459
40	0	462
40	0	463
40	0	472
40	0	480
40	0	501
40	0	502
40	0	512
40	0	514
40	0	522
40	0	526
40	0	527
40	0	528
40	0	535
40	0	537
40	0	541
40	0	560
40	0	565
40	0	566
40	0	595
40	0	597
40	0	602
40	0	608
40	0	637
40	0	657
41	1	41
42	1	42
43	0	18
43	0	33
43	1	43
43	0	47
43	0	73
43	0	87
43	0	98
43	0	128
43	0	173
43	0	210
43	0	213
43	0	241
43	0	289
43	0	295
43	0	298
43	0	307
43	0	364
43	0	371
43	0	372
43	0	431
43	0	455
43	0	510
44	1	44
45	1	45
46	1	46
46	0	77
47	0	5
47	1	47
47	0	51
47	0	80
47	0	143
47	0	174
47	0	255
47	0	310
47	0	313
47	0	370
47	0	537
47	0	682
48	1	48
49	1	49
49	0	287
49	0	310
49	0	375
49	0	385
50	0	2
50	0	38
50	1	50
50	0	51
50	0	58
50	0	85
50	0	119
50	0	148
50	0	214
50	0	259
50	0	266
50	0	287
50	0	293
50	0	301
50	0	313
50	0	323
50	0	330
50	0	418
50	0	428
50	0	464
50	0	465
50	0	475
50	0	488
50	0	501
50	0	522
50	0	524
50	0	527
50	0	528
50	0	529
50	0	552
50	0	560
50	0	600
51	0	47
51	1	51
51	0	94
51	0	200
51	0	327
51	0	367
52	0	33
52	1	52
52	0	252
52	0	253
52	0	290
52	0	304
52	0	307
52	0	339
52	0	340
52	0	345
52	0	455
52	0	480
53	1	53
54	1	54
55	1	55
55	0	153
55	0	339
55	0	344
56	0	55
56	1	56
56	0	595
57	1	57
57	0	198
58	1	58
59	1	59
59	0	61
59	0	193
59	0	295
59	0	307
60	1	60
60	0	67
60	0	104
60	0	324
60	0	541
61	0	49
61	0	59
61	1	61
61	0	77
61	0	101
61	0	127
61	0	161
61	0	214
61	0	235
61	0	259
61	0	265
61	0	277
61	0	284
61	0	342
61	0	346
61	0	348
61	0	353
61	0	366
61	0	367
61	0	370
61	0	374
61	0	388
61	0	392
61	0	421
61	0	453
61	0	462
61	0	464
61	0	474
61	0	480
61	0	501
61	0	553
61	0	566
61	0	595
61	0	606
61	0	687
62	0	31
62	1	62
62	0	66
62	0	73
62	0	91
62	0	94
62	0	126
62	0	154
62	0	192
62	0	289
62	0	295
62	0	300
62	0	336
62	0	429
63	1	63
64	1	64
65	1	65
66	0	7
66	0	31
66	0	62
66	1	66
66	0	71
66	0	73
66	0	87
66	0	89
66	0	131
66	0	163
66	0	171
66	0	174
66	0	214
66	0	235
66	0	241
66	0	255
66	0	259
66	0	272
66	0	287
66	0	312
66	0	364
66	0	370
66	0	377
66	0	395
66	0	409
66	0	423
66	0	429
66	0	439
66	0	474
66	0	481
66	0	501
66	0	520
66	0	526
66	0	528
66	0	532
66	0	533
66	0	534
66	0	597
66	0	606
66	0	682
67	0	2
67	0	47
67	0	60
67	1	67
67	0	96
67	0	100
67	0	307
67	0	322
67	0	388
67	0	436
67	0	606
68	0	5
68	1	68
68	0	74
68	0	103
68	0	118
68	0	123
68	0	154
68	0	227
68	0	253
68	0	262
68	0	270
68	0	288
68	0	292
68	0	307
68	0	348
68	0	355
68	0	367
68	0	372
68	0	402
68	0	417
68	0	449
69	1	69
69	0	123
69	0	173
69	0	384
69	0	481
69	0	572
69	0	619
70	1	70
71	0	29
71	1	71
71	0	262
71	0	290
71	0	324
71	0	334
71	0	336
71	0	371
71	0	595
71	0	610
71	0	651
71	0	676
71	0	677
71	0	682
71	0	687
72	0	5
72	1	72
72	0	73
72	0	211
72	0	342
72	0	392
72	0	451
72	0	453
73	0	62
73	0	72
73	1	73
73	0	301
73	0	315
73	0	377
73	0	378
73	0	395
73	0	407
73	0	418
73	0	436
73	0	458
73	0	502
73	0	518
73	0	526
73	0	527
73	0	540
73	0	543
73	0	591
73	0	606
73	0	616
73	0	637
73	0	679
74	1	74
74	0	96
74	0	312
74	0	474
75	1	75
75	0	257
75	0	398
76	1	76
77	1	77
77	0	325
78	0	7
78	1	78
78	0	165
78	0	255
78	0	259
78	0	364
78	0	385
79	1	79
80	1	80
81	1	81
82	1	82
82	0	312
82	0	367
82	0	385
82	0	535
82	0	550
83	1	83
84	1	84
85	1	85
86	1	86
87	0	2
87	0	31
87	1	87
87	0	143
87	0	211
87	0	219
87	0	322
87	0	357
87	0	426
88	1	88
89	1	89
89	0	593
90	1	90
91	1	91
92	1	92
93	1	93
93	0	319
94	0	51
94	1	94
94	0	167
94	0	364
94	0	370
94	0	392
94	0	625
94	0	681
95	0	5
95	0	47
95	0	61
95	0	73
95	1	95
96	0	67
96	1	96
96	0	103
96	0	190
96	0	227
96	0	251
96	0	265
96	0	284
96	0	288
96	0	307
96	0	315
96	0	324
96	0	326
96	0	337
96	0	348
96	0	351
96	0	508
96	0	541
97	0	96
97	1	97
97	0	101
98	1	98
98	0	143
98	0	348
98	0	625
98	0	653
99	1	99
100	0	31
100	0	33
100	0	67
100	1	100
100	0	183
100	0	207
100	0	270
100	0	514
101	0	61
101	0	96
101	0	97
101	1	101
101	0	315
102	0	51
102	0	57
102	0	60
102	0	61
102	0	62
102	0	65
102	0	85
102	0	96
102	1	102
102	0	127
102	0	133
102	0	143
102	0	148
102	0	157
102	0	165
102	0	167
102	0	174
102	0	176
102	0	182
102	0	184
102	0	227
102	0	255
102	0	259
102	0	264
102	0	266
102	0	269
102	0	298
102	0	305
102	0	310
102	0	313
102	0	315
102	0	317
102	0	323
102	0	342
102	0	343
102	0	352
102	0	357
102	0	359
102	0	364
102	0	370
102	0	374
102	0	377
102	0	390
102	0	391
102	0	392
102	0	395
102	0	401
102	0	404
102	0	408
102	0	416
102	0	436
102	0	440
102	0	451
102	0	453
102	0	455
102	0	461
102	0	463
102	0	464
102	0	465
102	0	479
102	0	488
102	0	499
102	0	501
102	0	502
102	0	512
102	0	524
102	0	526
102	0	537
102	0	548
102	0	552
102	0	553
102	0	555
102	0	560
102	0	568
102	0	576
102	0	592
102	0	597
102	0	600
102	0	616
102	0	672
102	0	674
102	0	682
102	0	687
102	0	698
103	0	96
103	1	103
104	1	104
104	0	134
105	1	105
106	1	106
107	1	107
108	1	108
109	1	109
110	1	110
111	1	111
112	1	112
113	1	113
113	0	123
114	1	114
115	1	115
116	1	116
117	1	117
118	1	118
118	0	143
118	0	167
118	0	301
118	0	537
118	0	595
119	1	119
119	0	221
120	1	120
120	0	227
121	1	121
122	1	122
123	0	5
123	0	96
123	1	123
123	0	317
123	0	322
123	0	395
123	0	451
124	1	124
125	1	125
126	0	62
126	1	126
126	0	259
126	0	312
126	0	391
126	0	474
127	0	50
127	0	61
127	0	96
127	1	127
127	0	210
127	0	220
127	0	235
127	0	323
127	0	324
127	0	328
127	0	492
127	0	570
127	0	684
128	1	128
129	1	129
130	0	29
130	1	130
130	0	190
130	0	296
130	0	367
130	0	392
130	0	526
130	0	547
130	0	637
131	0	2
131	0	102
131	1	131
131	0	148
131	0	448
131	0	588
132	1	132
133	1	133
133	0	397
134	0	104
134	1	134
135	1	135
136	1	136
137	1	137
138	1	138
139	0	5
139	0	123
139	1	139
139	0	200
139	0	275
139	0	277
139	0	307
139	0	469
139	0	573
140	1	140
141	1	141
141	0	143
142	0	31
142	0	66
142	0	94
142	0	102
142	1	142
142	0	200
142	0	414
142	0	455
143	0	22
143	0	31
143	0	47
143	0	50
143	0	87
143	0	98
143	0	141
143	1	143
143	0	184
143	0	192
143	0	194
143	0	221
143	0	237
143	0	239
143	0	240
143	0	246
143	0	259
143	0	280
143	0	282
143	0	287
143	0	289
143	0	321
143	0	337
143	0	358
143	0	368
143	0	369
143	0	373
143	0	397
143	0	412
143	0	455
143	0	560
143	0	634
144	0	87
144	0	118
144	1	144
144	0	146
144	0	262
144	0	280
144	0	478
145	1	145
146	1	146
146	0	235
146	0	348
147	1	147
148	1	148
148	0	288
149	1	149
150	1	150
151	1	151
152	1	152
153	0	55
153	1	153
154	0	2
154	0	7
154	0	62
154	1	154
155	1	155
156	1	156
157	1	157
158	1	158
159	0	71
159	1	159
160	1	160
160	0	161
161	0	160
161	1	161
161	0	367
162	1	162
163	0	7
163	1	163
163	0	429
164	1	164
165	1	165
166	1	166
167	0	94
167	0	118
167	1	167
168	1	168
169	1	169
170	0	55
170	1	170
171	0	127
171	1	171
171	0	343
171	0	391
171	0	459
171	0	485
171	0	487
171	0	501
171	0	530
171	0	683
172	1	172
173	1	173
173	0	259
173	0	334
174	0	47
174	1	174
174	0	190
174	0	213
175	0	31
175	0	60
175	0	62
175	0	71
175	0	100
175	0	165
175	1	175
175	0	197
175	0	200
175	0	232
175	0	247
175	0	255
175	0	262
175	0	266
175	0	268
175	0	269
175	0	282
175	0	283
175	0	298
175	0	299
175	0	305
175	0	310
175	0	314
175	0	315
175	0	318
175	0	323
175	0	373
175	0	377
175	0	391
175	0	395
175	0	418
175	0	444
175	0	452
175	0	462
175	0	474
175	0	501
175	0	514
175	0	597
175	0	602
175	0	606
176	1	176
177	1	177
178	1	178
179	1	179
180	0	176
180	0	179
180	1	180
180	0	259
180	0	293
180	0	315
180	0	322
180	0	354
180	0	395
180	0	431
180	0	453
180	0	494
180	0	597
181	1	181
182	1	182
183	0	31
183	0	100
183	1	183
183	0	572
183	0	697
184	1	184
185	1	185
186	1	186
187	1	187
188	0	7
188	0	131
188	0	143
188	1	188
188	0	301
188	0	348
188	0	357
189	1	189
190	0	135
190	0	174
190	1	190
190	0	235
190	0	236
190	0	238
190	0	314
190	0	346
190	0	375
190	0	395
190	0	404
190	0	535
191	1	191
192	0	62
192	0	143
192	0	148
192	1	192
192	0	232
192	0	279
192	0	301
192	0	310
192	0	314
192	0	354
192	0	367
192	0	388
192	0	501
192	0	592
192	0	615
193	0	0
193	0	59
193	0	61
193	0	87
193	0	131
193	0	181
193	0	183
193	1	193
193	0	198
193	0	208
193	0	210
193	0	222
193	0	241
193	0	295
193	0	302
193	0	311
193	0	324
193	0	343
193	0	367
193	0	405
193	0	421
193	0	455
193	0	481
193	0	498
193	0	514
193	0	582
193	0	682
194	1	194
195	1	195
196	1	196
197	1	197
197	0	255
198	0	57
198	1	198
198	0	259
198	0	278
198	0	535
199	1	199
200	0	51
200	1	200
200	0	409
201	1	201
202	1	202
203	0	47
203	0	50
203	0	61
203	0	67
203	0	78
203	0	80
203	0	180
203	0	183
203	0	190
203	1	203
203	0	220
203	0	240
203	0	241
203	0	256
203	0	261
203	0	265
203	0	270
203	0	275
203	0	283
203	0	287
203	0	293
203	0	297
203	0	302
203	0	326
203	0	335
203	0	338
203	0	373
203	0	431
203	0	455
203	0	480
203	0	481
203	0	539
203	0	566
203	0	570
203	0	608
204	1	204
204	0	303
205	1	205
206	1	206
207	1	207
208	0	31
208	0	193
208	1	208
208	0	241
208	0	298
208	0	354
208	0	364
208	0	395
208	0	428
208	0	436
208	0	526
209	1	209
210	0	127
210	0	193
210	1	210
210	0	211
210	0	220
210	0	227
210	0	231
210	0	232
210	0	245
210	0	250
210	0	259
210	0	264
210	0	283
210	0	287
211	0	5
211	0	33
211	0	47
211	0	50
211	0	66
211	0	72
211	0	73
211	0	74
211	0	87
211	0	118
211	0	208
211	0	210
211	1	211
211	0	223
211	0	227
211	0	235
211	0	251
211	0	253
211	0	262
211	0	288
211	0	302
211	0	304
211	0	367
211	0	371
211	0	375
211	0	386
211	0	387
211	0	393
211	0	412
211	0	415
211	0	471
211	0	478
211	0	479
211	0	480
211	0	508
211	0	575
211	0	596
211	0	641
211	0	686
212	1	212
213	0	100
213	0	153
213	1	213
213	0	301
213	0	395
213	0	436
213	0	474
213	0	499
213	0	511
213	0	524
213	0	563
213	0	582
213	0	583
213	0	625
214	0	50
214	1	214
215	1	215
216	1	216
217	1	217
218	1	218
218	0	320
219	0	31
219	0	47
219	0	61
219	0	66
219	0	78
219	0	87
219	0	94
219	0	213
219	1	219
219	0	220
219	0	223
219	0	253
219	0	265
219	0	270
219	0	282
219	0	307
219	0	320
219	0	336
219	0	372
219	0	504
220	0	2
220	0	5
220	0	127
220	0	210
220	1	220
220	0	367
221	1	221
222	1	222
223	1	223
224	1	224
225	1	225
226	0	143
226	1	226
227	0	60
227	0	96
227	0	120
227	0	210
227	1	227
227	0	303
227	0	310
227	0	313
227	0	314
227	0	377
227	0	385
227	0	391
227	0	462
227	0	474
227	0	592
227	0	625
228	1	228
229	1	229
230	1	230
231	1	231
232	0	87
232	0	192
232	1	232
232	0	371
232	0	480
233	0	165
233	1	233
233	0	390
233	0	582
234	0	190
234	1	234
234	0	262
234	0	346
235	0	127
235	0	190
235	0	211
235	1	235
235	0	238
235	0	241
235	0	259
235	0	367
235	0	388
235	0	406
235	0	500
235	0	508
236	0	31
236	0	190
236	1	236
237	1	237
238	0	174
238	0	235
238	1	238
238	0	348
239	1	239
240	1	240
240	0	259
240	0	500
241	0	208
241	0	235
241	1	241
241	0	258
241	0	428
241	0	572
241	0	606
241	0	637
242	1	242
243	1	243
243	0	414
244	0	190
244	1	244
245	1	245
246	1	246
246	0	247
247	0	246
247	1	247
247	0	282
247	0	373
247	0	374
247	0	602
248	0	7
248	0	62
248	1	248
248	0	301
249	1	249
250	1	250
251	0	5
251	0	96
251	1	251
251	0	375
251	0	386
251	0	388
251	0	455
251	0	462
251	0	471
251	0	480
251	0	597
251	0	606
251	0	637
251	0	686
252	1	252
253	0	7
253	1	253
253	0	280
253	0	298
253	0	301
253	0	307
253	0	310
253	0	336
253	0	342
253	0	343
253	0	377
253	0	395
253	0	494
253	0	597
253	0	625
253	0	672
254	1	254
255	0	47
255	1	255
255	0	258
256	1	256
256	0	262
257	0	75
257	1	257
258	0	47
258	0	241
258	0	255
258	1	258
258	0	259
258	0	288
258	0	298
258	0	342
258	0	637
259	0	50
259	0	78
259	0	126
259	0	180
259	0	198
259	0	210
259	0	235
259	0	240
259	1	259
259	0	266
259	0	282
259	0	286
259	0	337
259	0	385
259	0	447
260	0	255
260	1	260
261	1	261
262	0	31
262	0	71
262	0	190
262	0	211
262	0	221
262	0	238
262	0	253
262	0	256
262	1	262
262	0	276
262	0	280
262	0	296
262	0	307
262	0	310
262	0	314
262	0	315
262	0	331
262	0	343
262	0	351
262	0	377
262	0	388
262	0	390
262	0	392
262	0	404
262	0	408
262	0	453
262	0	459
262	0	471
262	0	478
262	0	502
262	0	526
262	0	641
262	0	646
263	0	157
263	1	263
264	1	264
265	0	7
265	0	47
265	0	49
265	0	67
265	0	71
265	0	96
265	0	102
265	0	111
265	0	123
265	0	154
265	0	171
265	0	213
265	0	219
265	0	227
265	0	235
265	0	241
265	0	242
265	0	251
265	1	265
265	0	288
265	0	298
265	0	320
265	0	324
265	0	366
265	0	367
265	0	387
265	0	428
265	0	436
265	0	448
265	0	474
265	0	480
265	0	481
265	0	501
265	0	521
265	0	541
265	0	553
265	0	556
265	0	570
265	0	572
265	0	576
265	0	582
265	0	589
265	0	595
265	0	625
265	0	626
265	0	636
265	0	637
265	0	641
265	0	644
265	0	648
265	0	649
265	0	650
265	0	651
265	0	652
265	0	657
265	0	660
265	0	662
265	0	665
265	0	675
265	0	676
265	0	679
265	0	686
265	0	687
265	0	690
265	0	691
265	0	692
265	0	693
265	0	694
266	0	50
266	0	255
266	0	259
266	1	266
267	0	148
267	1	267
268	1	268
269	1	269
270	0	100
270	1	270
271	0	259
271	0	262
271	1	271
271	0	272
271	0	296
271	0	315
271	0	508
272	0	271
272	1	272
272	0	521
273	0	5
273	0	31
273	0	47
273	0	73
273	1	273
273	0	375
273	0	415
273	0	461
273	0	480
274	0	19
274	1	274
275	0	7
275	1	275
276	0	5
276	0	33
276	0	49
276	0	50
276	0	67
276	0	72
276	0	73
276	0	78
276	0	102
276	0	123
276	0	171
276	0	183
276	0	190
276	0	251
276	0	262
276	1	276
276	0	298
276	0	307
276	0	320
276	0	351
276	0	360
276	0	361
276	0	375
276	0	413
276	0	416
276	0	467
276	0	480
276	0	481
276	0	495
276	0	513
276	0	566
276	0	582
276	0	648
276	0	651
276	0	672
277	0	5
277	1	277
277	0	637
278	1	278
279	1	279
279	0	320
280	0	143
280	0	253
280	0	262
280	1	280
280	0	301
280	0	307
280	0	313
280	0	315
280	0	322
280	0	351
280	0	401
281	0	33
281	0	66
281	0	102
281	0	213
281	1	281
281	0	455
281	0	461
282	0	143
282	0	247
282	0	259
282	1	282
282	0	374
282	0	444
282	0	514
282	0	627
283	1	283
284	1	284
284	0	421
284	0	535
285	0	33
285	0	201
285	0	220
285	1	285
285	0	366
285	0	415
285	0	467
285	0	548
286	1	286
287	0	49
287	0	50
287	0	210
287	1	287
287	0	293
287	0	367
288	0	7
288	0	64
288	0	85
288	0	96
288	0	134
288	0	148
288	0	211
288	0	219
288	1	288
288	0	305
288	0	318
288	0	358
288	0	364
288	0	370
288	0	374
288	0	388
288	0	390
288	0	391
288	0	418
288	0	428
288	0	436
288	0	448
288	0	453
288	0	462
288	0	503
288	0	516
288	0	535
288	0	537
288	0	568
288	0	595
288	0	597
288	0	599
288	0	637
288	0	648
288	0	672
289	1	289
290	0	31
290	0	71
290	1	290
290	0	291
290	0	392
291	1	291
292	1	292
293	0	50
293	0	287
293	1	293
293	0	338
293	0	367
293	0	455
294	1	294
294	0	295
295	0	62
295	0	193
295	1	295
295	0	301
296	0	33
296	0	61
296	0	74
296	0	87
296	0	171
296	0	190
296	0	233
296	0	247
296	0	262
296	0	271
296	0	288
296	1	296
296	0	324
296	0	348
296	0	371
296	0	421
296	0	480
296	0	481
297	1	297
298	0	5
298	0	33
298	0	208
298	1	298
298	0	398
299	0	51
299	1	299
299	0	320
299	0	367
299	0	383
299	0	467
300	0	62
300	1	300
301	0	50
301	0	73
301	0	118
301	0	137
301	0	192
301	0	213
301	0	253
301	0	280
301	0	295
301	1	301
301	0	371
301	0	392
301	0	448
301	0	455
301	0	496
301	0	508
301	0	556
301	0	557
301	0	651
301	0	673
302	0	5
302	0	193
302	0	211
302	0	293
302	0	297
302	1	302
302	0	315
302	0	388
303	0	227
303	1	303
304	0	211
304	1	304
304	0	305
305	0	238
305	0	284
305	0	304
305	1	305
305	0	437
306	0	5
306	0	47
306	0	50
306	0	66
306	0	253
306	0	280
306	1	306
306	0	324
306	0	367
307	0	31
307	0	59
307	0	67
307	0	96
307	0	219
307	0	253
307	0	262
307	0	280
307	1	307
307	0	310
307	0	314
307	0	315
307	0	332
307	0	335
307	0	336
307	0	351
307	0	370
307	0	372
307	0	434
307	0	453
307	0	455
307	0	537
307	0	539
307	0	548
307	0	565
307	0	582
308	0	174
308	1	308
308	0	351
308	0	367
308	0	390
308	0	501
309	0	71
309	0	96
309	1	309
309	0	404
310	0	47
310	0	49
310	0	253
310	0	307
310	1	310
310	0	364
310	0	398
311	1	311
312	0	33
312	0	74
312	0	77
312	0	126
312	0	227
312	1	312
313	0	33
313	0	47
313	0	50
313	0	94
313	0	227
313	0	253
313	0	280
313	0	307
313	1	313
313	0	332
314	1	314
315	0	73
315	0	101
315	0	180
315	0	262
315	0	280
315	0	302
315	0	307
315	1	315
315	0	324
315	0	354
315	0	389
316	0	5
316	0	190
316	0	253
316	0	262
316	0	280
316	0	307
316	0	308
316	0	310
316	0	314
316	0	315
316	1	316
316	0	318
316	0	324
316	0	367
316	0	428
316	0	478
316	0	570
316	0	658
316	0	679
317	0	33
317	0	123
317	1	317
318	0	33
318	1	318
318	0	324
318	0	332
318	0	336
318	0	337
318	0	348
318	0	539
319	1	319
320	0	2
320	0	7
320	0	51
320	0	67
320	0	71
320	0	74
320	0	83
320	0	87
320	0	118
320	0	119
320	0	143
320	0	153
320	0	171
320	0	173
320	0	174
320	0	176
320	0	190
320	0	202
320	0	208
320	0	211
320	0	227
320	0	232
320	0	235
320	0	241
320	0	262
320	0	269
320	0	277
320	0	279
320	0	287
320	0	298
320	0	299
320	0	305
320	0	308
320	0	310
320	0	312
320	0	315
320	1	320
320	0	324
320	0	342
320	0	343
320	0	347
320	0	348
320	0	351
320	0	357
320	0	358
320	0	364
320	0	367
320	0	370
320	0	371
320	0	372
320	0	375
320	0	388
320	0	391
320	0	395
320	0	401
320	0	404
320	0	410
320	0	411
320	0	436
320	0	448
320	0	449
320	0	453
320	0	459
320	0	463
320	0	465
320	0	471
320	0	475
320	0	478
320	0	479
320	0	480
320	0	481
320	0	486
320	0	488
320	0	489
320	0	490
320	0	494
320	0	499
320	0	501
320	0	503
320	0	505
320	0	506
320	0	537
320	0	549
320	0	586
320	0	592
320	0	594
320	0	597
320	0	606
320	0	608
320	0	662
320	0	674
321	1	321
322	0	33
322	0	67
322	0	74
322	0	87
322	0	97
322	0	101
322	0	123
322	0	180
322	0	190
322	0	275
322	0	280
322	0	288
322	1	322
322	0	332
322	0	336
322	0	339
322	0	355
322	0	366
322	0	371
322	0	394
322	0	412
322	0	420
322	0	454
322	0	455
322	0	457
322	0	635
322	0	636
322	0	639
322	0	641
322	0	642
323	0	33
323	0	50
323	0	127
323	1	323
323	0	328
324	0	5
324	0	60
324	0	71
324	0	96
324	0	108
324	0	127
324	0	315
324	0	318
324	1	324
324	0	343
324	0	377
324	0	390
324	0	436
324	0	481
324	0	512
324	0	522
324	0	541
324	0	547
324	0	548
324	0	552
324	0	558
324	0	559
324	0	566
324	0	582
324	0	606
324	0	624
324	0	631
324	0	641
324	0	682
325	1	325
326	0	96
326	0	143
326	1	326
327	0	51
327	1	327
328	0	323
328	1	328
328	0	332
328	0	414
329	1	329
330	1	330
331	0	262
331	0	280
331	0	307
331	0	315
331	1	331
331	0	332
331	0	351
332	0	307
332	0	318
332	0	328
332	1	332
333	0	61
333	0	127
333	1	333
333	0	357
333	0	363
333	0	436
334	0	5
334	0	18
334	0	33
334	0	49
334	0	59
334	0	71
334	0	87
334	0	97
334	0	114
334	0	154
334	0	173
334	0	190
334	0	262
334	0	277
334	1	334
334	0	355
334	0	364
334	0	367
334	0	372
335	0	293
335	0	307
335	0	314
335	0	332
335	1	335
335	0	367
335	0	535
336	0	62
336	0	71
336	0	219
336	0	253
336	0	259
336	0	280
336	1	336
337	0	143
337	0	259
337	0	318
337	1	337
337	0	347
337	0	385
338	0	288
338	0	313
338	1	338
338	0	436
338	0	440
338	0	492
338	0	597
338	0	625
338	0	697
339	0	55
339	1	339
339	0	367
340	1	340
340	0	577
341	0	7
341	0	62
341	0	193
341	0	259
341	1	341
341	0	453
341	0	501
341	0	657
342	0	5
342	0	61
342	0	72
342	1	342
343	0	127
343	0	171
343	0	193
343	0	208
343	0	253
343	0	262
343	1	343
343	0	402
344	0	55
344	0	317
344	1	344
344	0	345
344	0	360
345	1	345
346	0	190
346	1	346
347	0	337
347	1	347
348	0	7
348	0	96
348	0	146
348	0	296
348	0	318
348	1	348
348	0	390
348	0	654
349	0	5
349	0	298
349	0	334
349	1	349
349	0	364
349	0	375
349	0	435
349	0	479
349	0	575
349	0	591
349	0	625
350	0	298
350	1	350
350	0	657
351	0	308
351	1	351
352	0	253
352	1	352
353	1	353
354	0	101
354	0	180
354	0	192
354	0	208
354	0	315
354	1	354
355	0	62
355	0	334
355	1	355
356	0	7
356	0	62
356	0	64
356	0	119
356	0	127
356	0	133
356	0	167
356	0	174
356	0	342
356	1	356
356	0	357
356	0	377
356	0	388
356	0	392
356	0	395
356	0	404
356	0	406
356	0	408
356	0	427
356	0	428
356	0	436
356	0	453
356	0	459
356	0	463
356	0	465
356	0	475
356	0	479
356	0	500
356	0	501
356	0	537
356	0	592
357	0	87
357	1	357
357	0	478
358	0	143
358	1	358
358	0	367
358	0	459
359	1	359
360	1	360
361	1	361
362	1	362
362	0	363
362	0	453
362	0	474
362	0	501
363	1	363
364	0	78
364	0	94
364	0	208
364	0	288
364	0	310
364	1	364
364	0	398
364	0	539
365	1	365
366	0	322
366	1	366
366	0	367
366	0	392
367	0	51
367	0	161
367	0	193
367	0	220
367	0	235
367	0	287
367	0	293
367	0	299
367	0	308
367	0	321
367	0	339
367	0	358
367	0	366
367	1	367
367	0	370
367	0	387
367	0	393
367	0	400
367	0	403
367	0	440
367	0	453
367	0	459
367	0	467
367	0	481
367	0	482
367	0	513
367	0	537
367	0	541
367	0	593
367	0	603
368	1	368
369	1	369
369	0	567
370	0	94
370	0	288
370	0	305
370	0	307
370	0	367
370	1	370
370	0	376
370	0	635
371	0	71
371	0	96
371	0	102
371	0	211
371	0	232
371	0	235
371	0	241
371	0	310
371	0	313
371	0	354
371	0	364
371	0	367
371	0	370
371	1	371
371	0	374
371	0	375
371	0	388
371	0	390
371	0	391
371	0	406
371	0	408
371	0	428
371	0	436
371	0	444
371	0	459
371	0	460
371	0	465
371	0	481
371	0	488
371	0	494
371	0	507
371	0	513
371	0	526
371	0	537
371	0	597
371	0	651
371	0	672
372	0	307
372	0	310
372	1	372
373	1	373
374	0	247
374	0	282
374	0	371
374	1	374
374	0	495
374	0	602
375	0	5
375	0	49
375	0	190
375	0	251
375	0	371
375	1	375
375	0	376
375	0	480
375	0	513
375	0	686
376	1	376
377	0	5
377	0	31
377	0	66
377	0	73
377	0	253
377	0	262
377	0	324
377	1	377
377	0	395
377	0	424
378	0	73
378	0	288
378	0	348
378	1	378
378	0	431
378	0	449
378	0	481
379	1	379
380	1	380
381	1	381
382	1	382
383	0	299
383	1	383
384	0	69
384	1	384
385	0	49
385	0	259
385	0	342
385	1	385
385	0	386
385	0	398
385	0	608
386	0	385
386	1	386
387	0	211
387	0	305
387	0	367
387	1	387
387	0	512
387	0	513
387	0	589
387	0	595
387	0	635
388	0	61
388	0	67
388	0	192
388	0	235
388	0	251
388	0	253
388	0	262
388	0	288
388	0	302
388	1	388
388	0	421
388	0	423
388	0	453
388	0	455
388	0	466
388	0	481
388	0	495
388	0	508
388	0	541
388	0	558
389	0	315
389	1	389
390	0	233
390	0	262
390	0	288
390	0	348
390	1	390
391	0	29
391	0	102
391	0	126
391	0	171
391	0	227
391	0	320
391	0	382
391	1	391
391	0	465
391	0	501
391	0	513
391	0	537
392	0	31
392	0	53
392	0	61
392	0	190
392	0	262
392	0	290
392	1	392
392	0	393
393	0	176
393	0	367
393	0	392
393	1	393
393	0	421
393	0	455
393	0	521
393	0	675
394	0	7
394	0	174
394	0	393
394	1	394
395	0	73
395	0	123
395	0	180
395	0	190
395	0	213
395	0	253
395	0	377
395	1	395
395	0	398
395	0	399
395	0	406
395	0	424
395	0	455
395	0	480
396	1	396
397	0	5
397	0	7
397	0	71
397	0	73
397	0	96
397	0	133
397	0	143
397	0	163
397	0	174
397	0	208
397	0	253
397	0	307
397	0	312
397	0	334
397	0	364
397	0	367
397	0	377
397	0	393
397	0	395
397	1	397
397	0	404
397	0	455
397	0	462
397	0	464
397	0	467
397	0	470
397	0	479
397	0	501
397	0	508
398	0	58
398	0	75
398	0	125
398	0	148
398	0	298
398	0	310
398	0	363
398	0	364
398	0	374
398	0	381
398	0	385
398	0	395
398	1	398
399	0	31
399	0	51
399	0	60
399	0	81
399	0	143
399	0	156
399	0	167
399	0	187
399	0	285
399	0	313
399	0	322
399	0	342
399	0	364
399	0	377
399	0	388
399	0	391
399	0	395
399	1	399
399	0	427
399	0	428
399	0	440
399	0	442
399	0	443
399	0	444
399	0	445
399	0	453
399	0	471
399	0	501
399	0	503
400	1	400
401	0	280
401	1	401
402	0	7
402	1	402
403	0	5
403	0	131
403	1	403
404	0	190
404	0	262
404	1	404
404	0	455
404	0	496
404	0	507
404	0	513
405	1	405
406	0	235
406	0	395
406	1	406
407	1	407
408	0	5
408	0	7
408	0	33
408	0	49
408	0	102
408	0	146
408	0	148
408	0	190
408	0	193
408	0	235
408	0	259
408	0	262
408	0	301
408	0	348
408	1	408
408	0	412
408	0	541
409	0	200
409	1	409
410	1	410
411	1	411
412	0	5
412	0	211
412	1	412
412	0	653
412	0	682
412	0	689
413	0	395
413	1	413
413	0	474
413	0	606
414	0	328
414	1	414
414	0	435
415	0	211
415	1	415
416	1	416
417	1	417
417	0	511
417	0	578
417	0	579
417	0	641
418	1	418
419	1	419
420	1	420
421	0	61
421	0	96
421	0	193
421	0	211
421	0	284
421	0	334
421	0	364
421	0	374
421	0	388
421	0	390
421	0	393
421	1	421
421	0	448
421	0	459
421	0	535
421	0	548
421	0	606
422	0	7
422	0	96
422	0	127
422	0	293
422	0	342
422	0	391
422	0	409
422	1	422
422	0	436
422	0	453
422	0	463
422	0	597
423	0	143
423	0	174
423	0	235
423	0	259
423	0	314
423	0	342
423	0	404
423	1	423
423	0	494
424	0	51
424	0	377
424	0	395
424	1	424
425	1	425
425	0	426
426	0	87
426	0	425
426	1	426
427	1	427
428	0	31
428	0	208
428	0	241
428	0	288
428	0	308
428	0	371
428	0	399
428	1	428
429	0	57
429	0	163
429	1	429
430	0	31
430	0	87
430	0	322
430	0	364
430	0	370
430	0	371
430	0	397
430	0	406
430	1	430
430	0	453
431	0	7
431	0	378
431	1	431
432	1	432
432	0	433
433	0	432
433	1	433
434	0	280
434	0	307
434	1	434
435	1	435
436	0	324
436	0	371
436	1	436
437	1	437
438	1	438
438	0	439
438	0	512
438	0	635
439	1	439
439	0	459
439	0	512
439	0	586
439	0	587
439	0	589
440	0	367
440	1	440
440	0	441
441	1	441
442	1	442
443	1	443
444	0	282
444	1	444
445	1	445
446	0	5
446	0	33
446	0	47
446	0	50
446	0	94
446	0	102
446	0	118
446	0	171
446	0	253
446	0	324
446	0	367
446	0	371
446	1	446
446	0	455
446	0	611
447	0	351
447	1	447
448	0	265
448	0	288
448	0	301
448	0	421
448	1	448
448	0	455
449	1	449
450	0	31
450	0	66
450	1	450
451	1	451
452	0	31
452	0	263
452	1	452
452	0	515
453	0	61
453	0	180
453	0	262
453	0	288
453	0	307
453	0	362
453	0	367
453	1	453
453	0	495
453	0	508
453	0	509
453	0	513
454	1	454
455	0	26
455	0	143
455	0	174
455	0	193
455	0	208
455	0	251
455	0	293
455	0	301
455	0	354
455	0	388
455	0	395
455	0	404
455	0	448
455	1	455
455	0	456
455	0	500
455	0	526
455	0	537
455	0	552
455	0	653
456	0	455
456	1	456
457	1	457
458	1	458
459	0	171
459	0	358
459	0	367
459	0	371
459	1	459
459	0	607
460	1	460
461	0	102
461	1	461
462	0	61
462	0	227
462	0	251
462	0	288
462	1	462
462	0	468
462	0	531
463	1	463
464	0	61
464	0	397
464	0	455
464	1	464
465	0	50
465	0	371
465	0	391
465	1	465
466	0	388
466	1	466
467	0	299
467	1	467
467	0	501
467	0	593
468	0	96
468	0	462
468	1	468
468	0	518
469	1	469
470	1	470
471	0	262
471	1	471
472	1	472
473	0	31
473	0	47
473	0	73
473	0	235
473	0	358
473	0	371
473	0	455
473	1	473
473	0	478
474	0	61
474	0	73
474	0	74
474	0	126
474	0	213
474	0	265
474	0	282
474	0	362
474	0	367
474	0	467
474	1	474
474	0	480
474	0	495
474	0	501
474	0	590
474	0	593
475	1	475
476	0	0
476	1	476
476	0	525
477	1	477
478	0	5
478	0	7
478	0	102
478	0	211
478	0	262
478	0	277
478	0	313
478	0	357
478	1	478
478	0	480
479	0	211
479	1	479
480	0	5
480	0	58
480	0	61
480	0	251
480	0	347
480	0	370
480	0	375
480	0	377
480	0	395
480	0	451
480	0	478
480	1	480
480	0	516
480	0	565
480	0	637
481	0	193
481	0	324
481	0	367
481	0	388
481	0	436
481	1	481
481	0	531
481	0	597
482	0	61
482	0	126
482	0	367
482	0	478
482	1	482
483	0	371
483	1	483
484	0	174
484	1	484
485	1	485
486	0	436
486	1	486
486	0	657
487	1	487
488	0	371
488	1	488
489	1	489
490	1	490
491	0	342
491	0	388
491	1	491
492	0	127
492	0	328
492	1	492
493	0	62
493	0	324
493	0	388
493	0	428
493	0	444
493	0	462
493	1	493
494	0	180
494	0	253
494	0	371
494	0	423
494	1	494
494	0	497
494	0	539
494	0	548
494	0	584
495	0	100
495	0	315
495	0	374
495	0	436
495	0	453
495	0	474
495	1	495
495	0	522
495	0	587
495	0	657
495	0	682
496	0	301
496	0	404
496	1	496
497	0	96
497	0	494
497	1	497
498	1	498
499	1	499
500	0	235
500	0	240
500	0	455
500	1	500
501	0	33
501	0	61
501	0	171
501	0	192
501	0	308
501	0	391
501	0	397
501	0	467
501	1	501
501	0	566
502	0	262
502	1	502
503	0	288
503	1	503
504	1	504
505	1	505
506	1	506
507	0	371
507	0	404
507	1	507
508	0	96
508	0	235
508	0	271
508	0	301
508	0	388
508	0	453
508	1	508
508	0	512
508	0	533
508	0	535
508	0	615
508	0	697
509	1	509
510	1	510
511	1	511
512	0	97
512	0	324
512	0	387
512	0	439
512	1	512
512	0	513
512	0	541
512	0	544
512	0	587
512	0	626
512	0	635
512	0	640
512	0	648
513	0	58
513	0	255
513	0	367
513	0	375
513	0	387
513	0	404
513	0	436
513	0	453
513	0	462
513	0	512
513	1	513
513	0	516
513	0	589
513	0	625
513	0	648
514	0	193
514	1	514
515	1	515
516	0	67
516	0	251
516	0	288
516	0	358
516	0	367
516	0	437
516	0	480
516	1	516
516	0	539
517	0	344
517	1	517
518	1	518
519	0	7
519	0	31
519	0	219
519	0	290
519	0	291
519	0	320
519	1	519
520	0	304
520	1	520
521	0	272
521	1	521
522	1	522
522	0	523
522	0	564
523	1	523
524	0	50
524	0	92
524	0	102
524	0	210
524	0	213
524	1	524
525	0	476
525	1	525
526	0	31
526	0	73
526	0	208
526	0	262
526	1	526
526	0	553
527	1	527
528	1	528
529	1	529
530	1	530
531	0	363
531	0	462
531	0	481
531	1	531
531	0	535
531	0	540
532	1	532
533	1	533
534	0	512
534	1	534
535	0	190
535	0	198
535	0	284
535	0	288
535	0	335
535	0	421
535	0	508
535	0	531
535	1	535
536	0	73
536	0	535
536	1	536
537	0	47
537	0	288
537	0	371
537	0	437
537	1	537
537	0	539
537	0	566
537	0	569
538	0	367
538	0	395
538	0	424
538	0	453
538	0	501
538	0	535
538	1	538
539	0	5
539	0	305
539	0	307
539	0	364
539	0	494
539	0	537
539	1	539
539	0	570
540	1	540
541	0	60
541	0	96
541	0	141
541	0	324
541	0	367
541	0	388
541	0	512
541	1	541
541	0	542
541	0	547
541	0	566
541	0	595
541	0	597
541	0	606
542	0	541
542	1	542
543	1	543
544	0	512
544	1	544
545	0	96
545	0	453
545	0	531
545	0	541
545	1	545
545	0	571
546	0	310
546	1	546
547	0	541
547	1	547
548	0	285
548	0	307
548	0	324
548	0	494
548	1	548
549	1	549
550	0	61
550	0	82
550	0	123
550	0	146
550	0	223
550	0	305
550	0	318
550	0	376
550	0	455
550	0	496
550	0	544
550	1	550
550	0	591
551	0	235
551	0	265
551	0	348
551	1	551
552	0	50
552	0	324
552	0	455
552	1	552
553	0	526
553	1	553
554	0	61
554	0	146
554	0	305
554	0	317
554	0	364
554	0	387
554	0	390
554	0	392
554	0	401
554	0	462
554	0	501
554	0	508
554	0	513
554	0	516
554	0	544
554	1	554
554	0	561
554	0	569
554	0	589
554	0	606
554	0	625
554	0	626
554	0	635
554	0	640
554	0	653
554	0	675
555	1	555
556	0	301
556	0	526
556	1	556
557	1	557
558	1	558
559	0	324
559	1	559
559	0	606
560	0	50
560	0	98
560	0	102
560	1	560
561	1	561
562	0	238
562	0	537
562	1	562
563	1	563
564	1	564
565	1	565
566	0	259
566	0	324
566	0	459
566	0	501
566	0	537
566	0	541
566	0	547
566	1	566
566	0	594
566	0	597
566	0	601
566	0	637
567	0	369
567	1	567
568	0	102
568	0	173
568	0	288
568	0	335
568	0	371
568	1	568
568	0	605
569	1	569
570	0	127
570	0	259
570	0	539
570	1	570
571	1	571
572	0	183
572	0	241
572	1	572
573	0	5
573	0	139
573	0	265
573	0	320
573	1	573
573	0	651
574	1	574
574	0	575
575	1	575
576	1	576
577	0	340
577	1	577
578	1	578
579	1	579
580	1	580
580	0	581
581	1	581
582	0	33
582	0	123
582	0	171
582	0	213
582	0	233
582	0	307
582	0	324
582	1	582
583	1	583
584	1	584
585	0	251
585	0	299
585	0	348
585	0	385
585	0	388
585	0	408
585	0	459
585	0	480
585	0	537
585	1	585
585	0	588
585	0	606
585	0	637
585	0	665
586	1	586
586	0	587
587	0	50
587	0	439
587	0	495
587	0	512
587	0	559
587	1	587
587	0	635
588	0	131
588	1	588
589	0	387
589	0	439
589	0	513
589	1	589
589	0	625
589	0	640
589	0	648
590	0	474
590	1	590
591	1	591
592	0	18
592	0	227
592	1	592
593	0	89
593	0	367
593	0	467
593	0	474
593	0	501
593	1	593
594	0	566
594	1	594
595	0	56
595	0	61
595	0	71
595	0	118
595	0	288
595	0	387
595	0	541
595	1	595
595	0	621
595	0	643
596	1	596
597	0	31
597	0	66
597	0	102
597	0	251
597	0	288
597	0	481
597	0	541
597	0	566
597	1	597
598	0	33
598	0	78
598	0	288
598	0	320
598	0	510
598	1	598
598	0	635
599	1	599
600	1	600
601	0	566
601	1	601
602	0	5
602	0	247
602	0	374
602	1	602
602	0	627
603	1	603
604	0	73
604	0	102
604	0	262
604	0	265
604	0	271
604	0	288
604	0	301
604	0	307
604	0	336
604	0	412
604	1	604
605	0	568
605	1	605
606	0	66
606	0	73
606	0	324
606	0	541
606	1	606
606	0	608
607	0	459
607	1	607
608	0	385
608	0	390
608	0	448
608	0	606
608	1	608
609	0	324
609	1	609
610	0	71
610	1	610
611	0	501
611	1	611
611	0	612
611	0	625
612	1	612
613	1	613
614	1	614
614	0	615
614	0	665
615	0	569
615	0	614
615	1	615
616	0	71
616	0	73
616	0	102
616	0	111
616	0	253
616	0	258
616	0	271
616	0	307
616	0	339
616	0	455
616	0	486
616	0	515
616	0	556
616	1	616
616	0	639
616	0	676
617	0	2
617	1	617
618	0	96
618	0	193
618	0	474
618	0	595
618	1	618
618	0	660
619	0	26
619	1	619
620	0	47
620	0	320
620	0	592
620	1	620
621	0	591
621	0	595
621	0	606
621	1	621
621	0	622
622	1	622
623	0	436
623	0	451
623	1	623
624	0	324
624	0	533
624	0	606
624	1	624
624	0	629
624	0	661
625	0	31
625	0	98
625	0	227
625	0	349
625	0	513
625	0	589
625	1	625
625	0	631
625	0	635
625	0	648
625	0	688
626	0	512
626	1	626
626	0	648
627	1	627
628	0	96
628	1	628
629	1	629
630	0	51
630	0	114
630	0	334
630	0	462
630	0	595
630	0	624
630	1	630
630	0	632
630	0	661
631	0	324
631	0	625
631	1	631
632	1	632
633	0	625
633	1	633
634	1	634
635	0	5
635	0	31
635	0	370
635	0	387
635	0	589
635	0	625
635	1	635
636	1	636
637	0	47
637	0	73
637	0	87
637	0	97
637	0	101
637	0	140
637	0	241
637	0	251
637	0	253
637	0	265
637	0	277
637	0	288
637	0	320
637	0	395
637	0	480
637	0	481
637	0	566
637	0	635
637	0	636
637	1	637
637	0	639
637	0	642
637	0	650
637	0	686
638	0	5
638	0	102
638	0	251
638	0	320
638	0	478
638	0	480
638	0	508
638	0	631
638	1	638
638	0	641
638	0	686
639	0	322
639	0	616
639	0	637
639	1	639
640	0	589
640	1	640
641	0	5
641	0	211
641	0	262
641	0	322
641	0	324
641	0	417
641	0	478
641	1	641
641	0	644
642	0	637
642	1	642
643	0	354
643	1	643
644	1	644
645	0	71
645	0	211
645	0	219
645	0	288
645	0	322
645	0	637
645	1	645
645	0	646
645	0	649
645	0	650
645	0	672
645	0	682
646	0	262
646	1	646
647	0	348
647	0	367
647	0	387
647	0	512
647	0	513
647	0	589
647	0	625
647	0	626
647	1	647
647	0	648
648	0	288
648	0	512
648	0	513
648	0	589
648	0	625
648	1	648
649	1	649
650	0	96
650	0	637
650	1	650
651	0	71
651	0	301
651	0	573
651	1	651
651	0	653
652	1	652
653	0	98
653	0	227
653	0	253
653	0	455
653	0	480
653	0	513
653	0	651
653	1	653
654	0	348
654	0	625
654	0	626
654	0	629
654	0	631
654	0	632
654	0	635
654	0	639
654	0	644
654	1	654
654	0	655
654	0	656
654	0	661
654	0	663
654	0	664
654	0	667
654	0	668
654	0	669
654	0	670
654	0	671
655	1	655
656	1	656
657	0	495
657	1	657
658	1	658
658	0	659
659	0	658
659	1	659
660	1	660
661	0	624
661	1	661
662	1	662
663	1	663
664	1	664
665	1	665
665	0	688
666	0	657
666	1	666
667	1	667
668	1	668
669	1	669
670	1	670
671	1	671
672	0	87
672	0	102
672	0	253
672	0	288
672	0	336
672	0	371
672	0	421
672	0	453
672	0	619
672	1	672
673	0	301
673	1	673
674	1	674
675	1	675
676	0	71
676	1	676
677	1	677
678	0	131
678	0	161
678	0	403
678	1	678
679	0	73
679	1	679
680	0	31
680	0	51
680	0	139
680	0	387
680	0	587
680	0	626
680	1	680
680	0	697
681	1	681
682	0	47
682	0	71
682	0	102
682	0	193
682	0	324
682	0	412
682	1	682
683	1	683
684	1	684
685	0	71
685	0	639
685	1	685
686	0	211
686	0	480
686	0	637
686	1	686
687	0	71
687	0	102
687	0	259
687	1	687
688	1	688
689	1	689
690	1	690
691	1	691
692	1	692
693	1	693
694	1	694
695	0	211
695	1	695
696	0	320
696	0	421
696	1	696
697	0	183
697	1	697
698	0	244
698	1	698
699	1	699
700	1	700
701	1	701
702	1	702
703	1	703
704	1	704
705	1	705
706	1	706
707	1	707
708	1	708
709	1	709
710	1	710
711	1	711
712	1	712
713	1	713
714	1	714
715	1	715
716	1	716
717	1	717
718	1	718
719	1	719
720	1	720
721	1	721
722	1	722
723	1	723
724	1	724
725	1	725
726	1	726
727	1	727
728	1	728
729	1	729
730	1	730
731	1	731
732	1	732
733	1	733
734	1	734
735	1	735
736	1	736
737	1	737
738	1	738
739	1	739
740	1	740
741	1	741
742	1	742
743	1	743
744	1	744
745	1	745
746	1	746
747	1	747
748	1	748
749	1	749
750	1	750
751	1	751
752	1	752
753	1	753
754	1	754
755	1	755
756	1	756
757	1	757
758	1	758
759	1	759
760	1	760
761	1	761
762	1	762
763	1	763
764	1	764
765	1	765
766	1	766
767	1	767
768	1	768
769	1	769
770	1	770
771	1	771
772	1	772
773	1	773
774	1	774
775	1	775
776	1	776
777	1	777
778	1	778
779	1	779
780	1	780
781	1	781
782	1	782
783	1	783
784	1	784
785	1	785
786	1	786
787	1	787
788	1	788
789	1	789
790	1	790
791	1	791
792	1	792
793	1	793
794	1	794
795	1	795
796	1	796
797	1	797
798	1	798
799	1	799
800	1	800
801	1	801
802	1	802
803	1	803
804	1	804
805	1	805
806	1	806
807	1	807
808	1	808
809	1	809
810	1	810
811	1	811
812	1	812
813	1	813
814	1	814
815	1	815
816	1	816
817	1	817
818	1	818
819	1	819
820	1	820
821	1	821
822	1	822
823	1	823
824	1	824
825	1	825
826	1	826
827	1	827
828	1	828
829	1	829
830	1	830
831	1	831
832	1	832
833	1	833
834	1	834
835	1	835
836	1	836
837	1	837
838	1	838
839	1	839
840	1	840
841	1	841
842	1	842
843	1	843
844	1	844
845	1	845
846	1	846
847	1	847
848	1	848
849	1	849
850	1	850
851	1	851
852	1	852
853	1	853
854	1	854
855	1	855
856	1	856
857	1	857
858	1	858
859	1	859
860	1	860
861	1	861
862	1	862
863	1	863
864	1	864
865	1	865
866	1	866
867	1	867
868	1	868
869	1	869
870	1	870
871	1	871
872	1	872
873	1	873
874	1	874
875	1	875
876	1	876
877	1	877
878	1	878
879	1	879
880	1	880
881	1	881
882	1	882
883	1	883
884	1	884
885	1	885
886	1	886
887	1	887
888	1	888
889	1	889
890	1	890
891	1	891
892	1	892
893	1	893
894	1	894
895	1	895
896	1	896
897	1	897
898	1	898
899	1	899
900	1	900
901	1	901
902	1	902
903	1	903
904	1	904
905	1	905
906	1	906
907	1	907
908	1	908
909	1	909
910	1	910
911	1	911
912	1	912
913	1	913
914	1	914
915	1	915
916	1	916
917	1	917
918	1	918
919	1	919
920	1	920
921	1	921
922	1	922
923	1	923
924	1	924
925	1	925
926	1	926
927	1	927
928	1	928
929	1	929
930	1	930
931	1	931
932	1	932
933	1	933
934	1	934
935	1	935
936	1	936
937	1	937
938	1	938
939	1	939
940	1	940
941	1	941
942	1	942
943	1	943
944	1	944
945	1	945
946	1	946
947	1	947
948	1	948
949	1	949
950	1	950
951	1	951
952	1	952
953	1	953
954	1	954
955	1	955
956	1	956
957	1	957
958	1	958
959	1	959
960	1	960
961	1	961
962	1	962
963	1	963
964	1	964
965	1	965
966	1	966
967	1	967
968	1	968
969	1	969
970	1	970
971	1	971
972	1	972
973	1	973
974	1	974
975	1	975
976	1	976
977	1	977
978	1	978
979	1	979
980	1	980
981	1	981
982	1	982
983	1	983
984	1	984
985	1	985
986	1	986
987	1	987
988	1	988
989	1	989
990	1	990
991	1	991
992	1	992
993	1	993
994	1	994
995	1	995
996	1	996
997	1	997
998	1	998
999	1	999
1000	1	1000
1001	1	1001
1002	1	1002
1003	1	1003
1004	1	1004
1005	1	1005
1006	1	1006
1007	1	1007
1008	1	1008
1009	1	1009
1010	1	1010
1011	1	1011
1012	1	1012
1013	1	1013
1014	1	1014
1015	1	1015
1016	1	1016
1017	1	1017
1018	1	1018
1019	1	1019
1020	1	1020
1021	1	1021
1022	1	1022
1023	1	1023
1024	1	1024
1025	1	1025
1026	1	1026
1027	1	1027
1028	1	1028
1029	1	1029
1030	1	1030
1031	1	1031
1032	1	1032
1033	1	1033
1034	1	1034
1035	1	1035
1036	1	1036
1037	1	1037
1038	1	1038
1039	1	1039
1040	1	1040
1041	1	1041
1042	1	1042
1043	1	1043
1044	1	1044
1045	1	1045
1046	1	1046
1047	1	1047
1048	1	1048
1049	1	1049
1050	1	1050
1051	1	1051
1052	1	1052
1053	1	1053
1054	1	1054
1055	1	1055
1056	1	1056
1057	1	1057
1058	1	1058
1059	1	1059
1060	1	1060
1061	1	1061
1062	1	1062
1063	1	1063
1064	1	1064
1065	1	1065
1066	1	1066
1067	1	1067
1068	1	1068
1069	1	1069
1070	1	1070
1071	1	1071
1072	1	1072
1073	1	1073
1074	1	1074
1075	1	1075
1076	1	1076
1077	1	1077
1078	1	1078
1079	1	1079
1080	1	1080
1081	1	1081
1082	1	1082
1083	1	1083
1084	1	1084
1085	1	1085
1086	1	1086
1087	1	1087
1088	1	1088
1089	1	1089
1090	1	1090
1091	1	1091
1092	1	1092
1093	1	1093
1094	1	1094
1095	1	1095
1096	1	1096
1097	1	1097
1098	1	1098
1099	1	1099
1100	1	1100
1101	1	1101
1102	1	1102
1103	1	1103
1104	1	1104
1105	1	1105
1106	1	1106
1107	1	1107
1108	1	1108
1109	1	1109
1110	1	1110
1111	1	1111
1112	1	1112
1113	1	1113
1114	1	1114
1115	1	1115
1116	1	1116
1117	1	1117
1118	1	1118
1119	1	1119
1120	1	1120
1121	1	1121
1122	1	1122
1123	1	1123
1124	1	1124
1125	1	1125
1126	1	1126
1127	1	1127
1128	1	1128
1129	1	1129
1130	1	1130
1131	1	1131
1132	1	1132
1133	1	1133
1134	1	1134
1135	1	1135
1136	1	1136
1137	1	1137
1138	1	1138
1139	1	1139
1140	1	1140
1141	1	1141
1142	1	1142
1143	1	1143
1144	1	1144
1145	1	1145
1146	1	1146
1147	1	1147
1148	1	1148
1149	1	1149
1150	1	1150
1151	1	1151
1152	1	1152
1153	1	1153
1154	1	1154
1155	1	1155
1156	1	1156
1157	1	1157
1158	1	1158
1159	1	1159
1160	1	1160
1161	1	1161
1162	1	1162
1163	1	1163
1164	1	1164
1165	1	1165
1166	1	1166
1167	1	1167
1168	1	1168
1169	1	1169
1170	1	1170
1171	1	1171
1172	1	1172
1173	1	1173
1174	1	1174
1175	1	1175
1176	1	1176
1177	1	1177
1178	1	1178
1179	1	1179
1180	1	1180
1181	1	1181
1182	1	1182
1183	1	1183
1184	1	1184
1185	1	1185
1186	1	1186
1187	1	1187
1188	1	1188
1189	1	1189
1190	1	1190
1191	1	1191
1192	1	1192
1193	1	1193
1194	1	1194
1195	1	1195
1196	1	1196
1197	1	1197
1198	1	1198
1199	1	1199
1200	1	1200
1201	1	1201
1202	1	1202
1203	1	1203
1204	1	1204
1205	1	1205
1206	1	1206
1207	1	1207
1208	1	1208
1209	1	1209
1210	1	1210
1211	1	1211
1212	1	1212
1213	1	1213
1214	1	1214
1215	1	1215
1216	1	1216
1217	1	1217
1218	1	1218
1219	1	1219
1220	1	1220
1221	1	1221
1222	1	1222
1223	1	1223
1224	1	1224
1225	1	1225
1226	1	1226
1227	1	1227
1228	1	1228
1229	1	1229
1230	1	1230
1231	1	1231
1232	1	1232
1233	1	1233
1234	1	1234
1235	1	1235
1236	1	1236
1237	1	1237
1238	1	1238
1239	1	1239
1240	1	1240
1241	1	1241
1242	1	1242
1243	1	1243
1244	1	1244
1245	1	1245
1246	1	1246
1247	1	1247
1248	1	1248
1249	1	1249
1250	1	1250
1251	1	1251
1252	1	1252
1253	1	1253
1254	1	1254
1255	1	1255
1256	1	1256
1257	1	1257
1258	1	1258
1259	1	1259
1260	1	1260
1261	1	1261
1262	1	1262
1263	1	1263
1264	1	1264
1265	1	1265
1266	1	1266
1267	1	1267
1268	1	1268
1269	1	1269
1270	1	1270
1271	1	1271
1272	1	1272
1273	1	1273
1274	1	1274
1275	1	1275
1276	1	1276
1277	1	1277
1278	1	1278
1279	1	1279
1280	1	1280
1281	1	1281
1282	1	1282
1283	1	1283
1284	1	1284
1285	1	1285
1286	1	1286
1287	1	1287
1288	1	1288
1289	1	1289
1290	1	1290
1291	1	1291
1292	1	1292
1293	1	1293
1294	1	1294
1295	1	1295
1296	1	1296
1297	1	1297
1298	1	1298
1299	1	1299
1300	1	1300
1301	1	1301
1302	1	1302
1303	1	1303
1304	1	1304
1305	1	1305
1306	1	1306
1307	1	1307
1308	1	1308
1309	1	1309
1310	1	1310
1311	1	1311
1312	1	1312
1313	1	1313
1314	1	1314
1315	1	1315
1316	1	1316
1317	1	1317
1318	1	1318
1319	1	1319
1320	1	1320
1321	1	1321
1322	1	1322
1323	1	1323
1324	1	1324
1325	1	1325
1326	1	1326
1327	1	1327
1328	1	1328
1329	1	1329
1330	1	1330
1331	1	1331
1332	1	1332
1333	1	1333
1334	1	1334
1335	1	1335
1336	1	1336
1337	1	1337
1338	1	1338
1339	1	1339
1340	1	1340
1341	1	1341
1342	1	1342
1343	1	1343
1344	1	1344
1345	1	1345
1346	1	1346
1347	1	1347
1348	1	1348
1349	1	1349
1350	1	1350
1351	1	1351
1352	1	1352
1353	1	1353
1354	1	1354
1355	1	1355
1356	1	1356
1357	1	1357
1358	1	1358
1359	1	1359
1360	1	1360
1361	1	1361
1362	1	1362
1363	1	1363
1364	1	1364
1365	1	1365
1366	1	1366
1367	1	1367
1368	1	1368
1369	1	1369
1370	1	1370
1371	1	1371
1372	1	1372
1373	1	1373
1374	1	1374
1375	1	1375
1376	1	1376
1377	1	1377
1378	1	1378
1379	1	1379
1380	1	1380
1381	1	1381
1382	1	1382
1383	1	1383
1384	1	1384
1385	1	1385
1386	1	1386
1387	1	1387
1388	1	1388
1389	1	1389
1390	1	1390
1391	1	1391
1392	1	1392
1393	1	1393
1394	1	1394
1395	1	1395
1396	1	1396
1397	1	1397
1398	1	1398
1399	1	1399
1400	1	1400
1401	1	1401
1402	1	1402
1403	1	1403
1404	1	1404
1405	1	1405
1406	1	1406
1407	1	1407
1408	1	1408
1409	1	1409
1410	1	1410
1411	1	1411
1412	1	1412
1413	1	1413
1414	1	1414
1415	1	1415
1416	1	1416
1417	1	1417
1418	1	1418
1419	1	1419
1420	1	1420
1421	1	1421
1422	1	1422
1423	1	1423
1424	1	1424
1425	1	1425
1426	1	1426
1427	1	1427
1428	1	1428
1429	1	1429
1430	1	1430
1431	1	1431
1432	1	1432
1433	1	1433
1434	1	1434
1435	1	1435
1436	1	1436
1437	1	1437
1438	1	1438
1439	1	1439
1440	1	1440
1441	1	1441
1442	1	1442
1443	1	1443
1444	1	1444
1445	1	1445
1446	1	1446
1447	1	1447
1448	1	1448
1449	1	1449
1450	1	1450
1451	1	1451
1452	1	1452
1453	1	1453
1454	1	1454
1455	1	1455
1456	1	1456
1457	1	1457
1458	1	1458
1459	1	1459
1460	1	1460
1461	1	1461
1462	1	1462
1463	1	1463
1464	1	1464
1465	1	1465
1466	1	1466
1467	1	1467
1468	1	1468
1469	1	1469
1470	1	1470
1471	1	1471
1472	1	1472
1473	1	1473
1474	1	1474
1475	1	1475
1476	1	1476
1477	1	1477
1478	1	1478
1479	1	1479
1480	1	1480
1481	1	1481
1482	1	1482
1483	1	1483
1484	1	1484
1485	1	1485
1486	1	1486
1487	1	1487
1488	1	1488
1489	1	1489
1490	1	1490
1491	1	1491
1492	1	1492
1493	1	1493
1494	1	1494
1495	1	1495
1496	1	1496
1497	1	1497
1498	1	1498
1499	1	1499
1500	1	1500
1501	1	1501
1502	1	1502
1503	1	1503
1504	1	1504
1505	1	1505
1506	1	1506
1507	1	1507
1508	1	1508
1509	1	1509
1510	1	1510
1511	1	1511
1512	1	1512
1513	1	1513
1514	1	1514
1515	1	1515
1516	1	1516
1517	1	1517
1518	1	1518
1519	1	1519
1520	1	1520
1521	1	1521
1522	1	1522
1523	1	1523
1524	1	1524
1525	1	1525
1526	1	1526
1527	1	1527
1528	1	1528
1529	1	1529
1530	1	1530
1531	1	1531
1532	1	1532
1533	1	1533
1534	1	1534
1535	1	1535
1536	1	1536
1537	1	1537
1538	1	1538
1539	1	1539
1540	1	1540
1541	1	1541
1542	1	1542
1543	1	1543
1544	1	1544
1545	1	1545
1546	1	1546
1547	1	1547
1548	1	1548
1549	1	1549
1550	1	1550
1551	1	1551
1552	1	1552
1553	1	1553
1554	1	1554
1555	1	1555
1556	1	1556
1557	1	1557
1558	1	1558
1559	1	1559
1560	1	1560
1561	1	1561
1562	1	1562
1563	1	1563
1564	1	1564
1565	1	1565
1566	1	1566
1567	1	1567
1568	1	1568
1569	1	1569
1570	1	1570
1571	1	1571
1572	1	1572
1573	1	1573
1574	1	1574
1575	1	1575
1576	1	1576
1577	1	1577
1578	1	1578
1579	1	1579
1580	1	1580
1581	1	1581
1582	1	1582
1583	1	1583
1584	1	1584
1585	1	1585
1586	1	1586
1587	1	1587
1588	1	1588
1589	1	1589
1590	1	1590
1591	1	1591
1592	1	1592
1593	1	1593
1594	1	1594
1595	1	1595
1596	1	1596
1597	1	1597
1598	1	1598
1599	1	1599
1600	1	1600
1601	1	1601
1602	1	1602
1603	1	1603
1604	1	1604
1605	1	1605
1606	1	1606
1607	1	1607
1608	1	1608
1609	1	1609
1610	1	1610
1611	1	1611
1612	1	1612
1613	1	1613
1614	1	1614
1615	1	1615
1616	1	1616
1617	1	1617
1618	1	1618
1619	1	1619
1620	1	1620
1621	1	1621
1622	1	1622
1623	1	1623
1624	1	1624
1625	1	1625
1626	1	1626
1627	1	1627
1628	1	1628
1629	1	1629
1630	1	1630
1631	1	1631
1632	1	1632
1633	1	1633
1634	1	1634
1635	1	1635
1636	1	1636
1637	1	1637
1638	1	1638
1639	1	1639
1640	1	1640
1641	1	1641
1642	1	1642
1643	1	1643
1644	1	1644
1645	1	1645
1646	1	1646
1647	1	1647
1648	1	1648
1649	1	1649
1650	1	1650
1651	1	1651
1652	1	1652
1653	1	1653
1654	1	1654
1655	1	1655
1656	1	1656
1657	1	1657
1658	1	1658
1659	1	1659
1660	1	1660
1661	1	1661
1662	1	1662
1663	1	1663
1664	1	1664
1665	1	1665
1666	1	1666
1667	1	1667
1668	1	1668
1669	1	1669
1670	1	1670
1671	1	1671
1672	1	1672
1673	1	1673
1674	1	1674
1675	1	1675
1676	1	1676
1677	1	1677
1678	1	1678
1679	1	1679
1680	1	1680
1681	1	1681
1682	1	1682
1683	1	1683
1684	1	1684
1685	1	1685
1686	1	1686
1687	1	1687
1688	1	1688
1689	1	1689
1690	1	1690
1691	1	1691
1692	1	1692
1693	1	1693
1694	1	1694
1695	1	1695
1696	1	1696
1697	1	1697
1698	1	1698
1699	1	1699
1700	1	1700
1701	1	1701
1702	1	1702
1703	1	1703
1704	1	1704
1705	1	1705
1706	1	1706
1707	1	1707
1708	1	1708
1709	1	1709
1710	1	1710
1711	1	1711
1712	1	1712
1713	1	1713
1714	1	1714
1715	1	1715
1716	1	1716
1717	1	1717
1718	1	1718
1719	1	1719
1720	1	1720
1721	1	1721
1722	1	1722
1723	1	1723
1724	1	1724
1725	1	1725
1726	1	1726
1727	1	1727
1728	1	1728
1729	1	1729
1730	1	1730
1731	1	1731
1732	1	1732
1733	1	1733
1734	1	1734
1735	1	1735
1736	1	1736
1737	1	1737
1738	1	1738
1739	1	1739
1740	1	1740
1741	1	1741
1742	1	1742
1743	1	1743
1744	1	1744
1745	1	1745
1746	1	1746
1747	1	1747
1748	1	1748
1749	1	1749
1750	1	1750
1751	1	1751
1752	1	1752
1753	1	1753
1754	1	1754
1755	1	1755
1756	1	1756
1757	1	1757
1758	1	1758
1759	1	1759
1760	1	1760
1761	1	1761
1762	1	1762
1763	1	1763
1764	1	1764
1765	1	1765
1766	1	1766
1767	1	1767
1768	1	1768
1769	1	1769
1770	1	1770
1771	1	1771
1772	1	1772
1773	1	1773
1774	1	1774
1775	1	1775
1776	1	1776
1777	1	1777
1778	1	1778
1779	1	1779
1780	1	1780
1781	1	1781
1782	1	1782
1783	1	1783
1784	1	1784
1785	1	1785
1786	1	1786
1787	1	1787
1788	1	1788
1789	1	1789
1790	1	1790
1791	1	1791
1792	1	1792
1793	1	1793
1794	1	1794
1795	1	1795
1796	1	1796
1797	1	1797
1798	1	1798
1799	1	1799
1800	1	1800
1801	1	1801
1802	1	1802
1803	1	1803
1804	1	1804
1805	1	1805
1806	1	1806
1807	1	1807
1808	1	1808
1809	1	1809
1810	1	1810
1811	1	1811
1812	1	1812
1813	1	1813
1814	1	1814
1815	1	1815
1816	1	1816
1817	1	1817
1818	1	1818
1819	1	1819
1820	1	1820
1821	1	1821
1822	1	1822
1823	1	1823
1824	1	1824
1825	1	1825
1826	1	1826
1827	1	1827
1828	1	1828
1829	1	1829
1830	1	1830
1831	1	1831
1832	1	1832
1833	1	1833
1834	1	1834
1835	1	1835
1836	1	1836
1837	1	1837
1838	1	1838
1839	1	1839
1840	1	1840
1841	1	1841
1842	1	1842
1843	1	1843
1844	1	1844
1845	1	1845
1846	1	1846
1847	1	1847
1848	1	1848
1849	1	1849
1850	1	1850
1851	1	1851
1852	1	1852
1853	1	1853
1854	1	1854
1855	1	1855
1856	1	1856
1857	1	1857
1858	1	1858
1859	1	1859
1860	1	1860
1861	1	1861
1862	1	1862
1863	1	1863
1864	1	1864
1865	1	1865
1866	1	1866
1867	1	1867
1868	1	1868
1869	1	1869
1870	1	1870
1871	1	1871
1872	1	1872
1873	1	1873
1874	1	1874
1875	1	1875
1876	1	1876
1877	1	1877
1878	1	1878
1879	1	1879
1880	1	1880
1881	1	1881
1882	1	1882
1883	1	1883
1884	1	1884
1885	1	1885
1886	1	1886
1887	1	1887
1888	1	1888
1889	1	1889
1890	1	1890
1891	1	1891
1892	1	1892
1893	1	1893
1894	1	1894
1895	1	1895
1896	1	1896
1897	1	1897
1898	1	1898
