1735	8142
2247	8654
1737	8144
1738	8145
2759	9166
1740	8147
2764	9171
1742	8149
1743	8150
2766	9173
1746	8153
2773	9180
2774	9181
1751	8158
2264	8671
2775	9182
2266	8673
2781	9188
2270	8677
2782	9189
1761	8168
2273	8680
2785	9192
2789	9196
2790	9197
2279	8686
1768	8175
2791	9198
2792	9199
1771	8178
1772	8179
1773	8180
1774	8181
2798	9205
2289	8696
2801	9208
1779	8186
1780	8187
2291	8698
2292	8699
2294	8701
2296	8703
2807	9214
2808	9215
2810	9217
2300	8707
2812	9219
2302	8709
1791	8198
2304	8711
1793	8200
2305	8712
2308	8715
1797	8204
1799	8206
1806	8213
2319	8726
2831	9238
2833	9240
1810	8217
2834	9241
1813	8220
2838	9245
1816	8223
2840	9247
2330	8737
2842	9249
1821	8228
2336	8743
2338	8745
1833	8240
2348	8755
2860	9267
2350	8757
2351	8758
2862	9269
2356	8763
2869	9276
2870	9277
1847	8254
1849	8256
2361	8768
1852	8259
2364	8771
1854	8261
2366	8773
2367	8774
2369	8776
2370	8777
2883	9290
2374	8781
2375	8782
2888	9295
2890	9297
1867	8274
2379	8786
2380	8787
2381	8788
2386	8793
1880	8287
2392	8799
1883	8290
1884	8291
1885	8292
1889	8296
2410	8817
2414	8821
1903	8310
2422	8829
2424	8831
1916	8323
1917	8324
2428	8835
2432	8839
2436	8843
1927	8334
1931	8338
1932	8339
2445	8852
2447	8854
1424	7831
1426	7833
2451	8858
1429	7836
1430	7837
1942	8349
1434	7841
1946	8353
1947	8354
1437	7844
1948	8355
1949	8356
1953	8360
2466	8873
1955	8362
1956	8363
1957	8364
1446	7853
2467	8874
1960	8367
2474	8881
2476	8883
1965	8372
1454	7861
1967	8374
2477	8884
1457	7864
1970	8377
2484	8891
2485	8892
1974	8381
1978	8385
2490	8897
1986	8393
1475	7882
1476	7883
1988	8395
1478	7885
2503	8910
1994	8401
1996	8403
1487	7894
2511	8918
1489	7896
1490	7897
2513	8920
2514	8921
2006	8413
1496	7903
2009	8416
2522	8929
1499	7906
1503	7910
2527	8934
2017	8424
2531	8938
2535	8942
1512	7919
2025	8432
2539	8946
1517	7924
2544	8951
3568	9975
1525	7932
2549	8956
1528	7935
1529	7936
2555	8962
2557	8964
2558	8965
1539	7946
2052	8459
2053	8460
2564	8971
2056	8463
2059	8466
2060	8467
2062	8469
1554	7961
2067	8474
2581	8988
2070	8477
2585	8992
1564	7971
1565	7972
2077	8484
2078	8485
2081	8488
2082	8489
1571	7978
2083	8490
1573	7980
1574	7981
1575	7982
2085	8492
1577	7984
2087	8494
2599	9006
2092	8499
2601	9008
2604	9011
1583	7990
2605	9012
2607	9014
1590	7997
1591	7998
1592	7999
2105	8512
2106	8513
1595	8002
1596	8003
2618	9025
1599	8006
1602	8009
2115	8522
2628	9035
2629	9036
2119	8526
2120	8527
1609	8016
1611	8018
2635	9042
1613	8020
2126	8533
1615	8022
2127	8534
2639	9046
2130	8537
2131	8538
2641	9048
1621	8028
1622	8029
1623	8030
2136	8543
2645	9052
2648	9055
1627	8034
2649	9056
2651	9058
2142	8549
1631	8038
2654	9061
2656	9063
1634	8041
2661	9068
2662	9069
1641	8048
1644	8051
1645	8052
2156	8563
2671	9078
2672	9079
2161	8568
1656	8063
1658	8065
2171	8578
2683	9090
1662	8069
2174	8581
2176	8583
1665	8072
1666	8073
1667	8074
2180	8587
2693	9100
2182	8589
2695	9102
1672	8079
2186	8593
2187	8594
2188	8595
1677	8084
1678	8085
2699	9106
2700	9107
2193	8600
2707	9114
1684	8091
1685	8092
2196	8603
2197	8604
2198	8605
2709	9116
2714	9121
1692	8099
1693	8100
1694	8101
2717	9124
1698	8105
2213	8620
2217	8624
1706	8113
2218	8625
2219	8626
2729	9136
2734	9141
1712	8119
1713	8120
2736	9143
2741	9148
2230	8637
1719	8126
2231	8638
2743	9150
2744	9151
2235	8642
1725	8132
1727	8134
2752	9159
2241	8648
2755	9162
2246	8653
